
1678465459910068
36 -111 -190 -47 -31 
40 -366 -364 -189 -110 
44 -366 -333 -268 -221 
48 -254 -253 -189 -221 
52 -270 -158 -110 -189 
56 -95 -158 -47 -126 
60 -63 -79 -15 -94 

1678465460075409
36 -95 -111 -47 -15 
40 -414 -333 -347 -47 
44 -366 -269 -347 -63 
48 -414 -301 -126 -47 
52 -207 -174 -78 -47 
56 -111 -79 -47 -63 
60 -143 -31 -47 -31 
64 -95 -15 -31 -15 

1678465460473780
36 -15 -269 -15 -15 
40 -350 -729 -173 -157 
44 -350 -888 -189 -300 
48 -191 -507 -94 -315 
52 -191 -253 -63 -236 
56 -143 -206 -47 -189 
60 -63 -95 -31 -142 
64 -15 -31 -15 -94 

1678465460695061
36 -286 -79 -15 -15 
40 -1290 -380 -63 -142 
44 -1704 -618 -94 -252 
48 -1035 -428 -142 -236 
52 -748 -190 -78 -173 
56 -525 -142 -47 -110 
60 -175 -126 -47 -63 
64 -191 -63 -47 -31 
68 -191 -31 -31 -31 

1678465460813412
36 -47 -111 -15 -15 
40 -525 -476 -110 -142 
44 -477 -460 -205 -331 
48 -350 -491 -189 -378 
52 -222 -190 -94 -268 
56 -191 -79 -78 -189 
60 -127 -47 -78 -126 

1678465460873847
36 -95 -238 -15 -47 
40 -318 -539 +0 -221 
44 -318 -269 +0 -378 
48 -222 -142 +0 -378 
52 -95 -95 +0 -315 
56 -63 -79 -15 -221 
60 -79 -47 +0 -126 
64 -63 -47 +0 -94 

1678465460930528
36 -143 -174 -47 -15 
40 -366 -317 -110 -78 
44 -302 -238 -126 -110 
48 -254 -126 -63 -110 
52 -175 -95 -47 -94 

1678465461219030
36 -31 -174 -94 -15 
40 -493 -460 -805 -63 
44 -541 -285 -821 -94 
48 -430 -253 -410 -126 
52 -334 -142 -236 -110 
56 -254 -47 -142 -78 
60 -111 -63 -63 -47 

1678465461271906
40 -302 -476 -189 -78 
44 -637 -618 -394 -284 
48 -445 -285 -284 -442 
52 -286 -174 -189 -394 
56 -175 -111 -157 -315 
60 -95 -79 -63 -221 
64 -15 -15 -47 -157 
68 -31 -31 -47 -110 

1678465461852041
36 -31 -95 +0 -15 
40 -382 -428 -142 -94 
44 -525 -380 -221 -189 
48 -366 -301 -157 -189 
52 -159 -190 -78 -157 
56 -95 -126 -47 -126 

1678465462601922
36 -111 -95 +0 -15 
40 -318 -301 +0 -157 
44 -222 -396 +0 -205 
48 -191 -158 +0 -173 
52 -95 -126 +0 -142 
56 -63 -47 +0 -94 

1678465463117907
36 -191 -47 +0 -15 
40 -764 -349 +0 -142 
44 -573 -349 +0 -268 
48 -461 -364 +0 -252 
52 -238 -190 +0 -157 
56 -111 -126 +0 -110 
60 -111 -47 +0 -94 

1678465463139012
40 -477 -396 -110 -110 
44 -445 -396 -189 -142 
48 -222 -190 -126 -142 
52 -63 -142 -63 -157 
56 -95 -95 -31 -110 
60 -79 -31 -31 -94 

1678465463567025
40 -430 -333 -126 -110 
44 -844 -698 -631 -284 
48 -653 -507 -647 -394 
52 -445 -285 -363 -331 
56 -270 -142 -205 -236 
60 -79 -126 -205 -189 
64 -79 -111 -110 -142 
68 -31 -47 -63 -110 

1678465463621361
36 -79 -126 -15 -15 
40 -334 -349 -173 -47 
44 -238 -269 -189 -78 
48 -111 -111 -157 -78 
52 -127 -63 -94 -78 
56 -63 -95 -63 -78 
13208 +0 -95 +0 +0 

1678465463750912
36 -127 -253 -31 -31 
40 -430 -380 -189 -110 
44 -366 -301 -379 -157 
48 -79 -158 -189 -126 
52 -127 -126 -63 -94 
56 -95 -79 -63 -78 

1678465464895539
36 -63 -238 -31 -15 
40 -398 -793 -284 -126 
44 -541 -809 -379 -221 
48 -302 -682 -221 -221 
52 -238 -428 -142 -157 
56 -175 -269 -94 -126 
60 -111 -95 -47 -126 
64 -79 -47 -47 -94 

1678465465508033
36 -95 -238 -31 +0 
40 -398 -476 -47 -31 
44 -414 -444 -47 -78 
48 -222 -253 -47 -63 
52 -95 -158 -15 -47 
56 -95 -111 -15 -31 

1678465465617045
36 -31 -158 -15 -15 
40 -398 -364 -173 -110 
44 -525 -364 -268 -173 
48 -238 -174 -189 -142 
52 -63 -111 -63 -110 
56 -127 -47 -47 -94 

1678465465690797
36 -31 -269 -31 -15 
40 -366 -698 -315 -126 
44 -445 -698 -537 -300 
48 -493 -460 -268 -394 
52 -430 -269 -142 -378 
56 -159 -126 -110 -315 
60 -191 -63 -78 -236 
64 -111 -63 -47 -189 
68 -47 -31 -31 -126 

1678465465891034
36 -111 -238 -47 -47 
40 -414 -317 -126 -189 
44 -382 -174 -126 -221 
48 -159 -142 -94 -157 
52 -111 -95 -94 -94 

1678465466007902
36 -143 -190 -47 +0 
40 -318 -364 -221 +0 
44 -573 -206 -300 +0 
48 -286 -95 -205 +0 
52 -175 -63 -78 +0 
56 -127 -15 -47 +0 

1678465466180032
40 -382 -618 -15 -142 
44 -1067 -872 -268 -536 
48 -1178 -745 -426 -789 
52 -637 -539 -268 -805 
56 -350 -317 -157 -615 
60 -175 -222 -94 -410 
64 -79 -111 -94 -268 
68 -63 -142 -63 -173 
72 -63 -63 -63 -110 

1678465466843657
36 -159 -285 -284 -31 
40 -684 -539 -1232 -173 
44 -621 -476 -1105 -252 
48 -398 -269 -710 -252 
52 -254 -174 -426 -205 
56 -222 -111 -236 -157 
60 -127 -47 -142 -110 
64 -31 -63 -78 -94 
68 -15 -63 -110 -78 

1678465466906037
36 -47 -253 -31 +0 
40 -334 -587 -426 -31 
44 -637 -460 -631 -94 
48 -509 -349 -331 -110 
52 -318 -79 -189 -94 
56 -207 -31 -173 -78 
60 -63 -47 -94 -63 

1678465467683905
36 -95 -31 +0 +0 
40 -1449 -396 -15 -94 
44 -2000 -682 -157 -410 
48 -1927 -602 -252 -536 
52 -1210 -301 -284 -410 
56 -541 -126 -189 -300 
60 -302 -126 -78 -221 
64 -222 -95 -47 -173 
68 -207 -47 -47 -126 
72 -159 -63 -31 -78 
76 -143 -63 -15 -47 

1678465468202145
36 -286 -222 -15 -47 
40 -1401 -380 -142 -126 
44 -1194 -285 -126 -189 
48 -493 -222 -173 -221 
52 -318 -174 -94 -157 
56 -175 -95 -47 -126 
60 -127 -63 -47 -78 
64 -95 -31 -15 -47 

1678465468274294
36 -95 -111 +0 -94 
40 -318 -333 +0 -284 
44 -238 -190 +0 -347 
48 -95 -111 +0 -300 
52 -79 -95 +0 -252 
56 -15 -63 +0 -205 
60 -15 -47 +0 -142 
64 -31 -15 +0 -94 

1678465468293019
36 -127 -222 -31 -31 
40 -461 -571 -300 -126 
44 -844 -587 -505 -221 
48 -477 -301 -347 -205 
52 -191 -158 -189 -157 
56 -127 -142 -142 -126 
60 -143 -31 -78 -94 

1678465468374652
36 -31 -238 -15 -15 
40 -350 -428 -126 -110 
44 -334 -301 -173 -221 
48 -175 -190 -173 -268 
52 -79 -79 -78 -205 
56 -95 -63 -63 -157 
60 -31 -47 -31 -126 
64 -31 -111 -15 -78 

1678465468723164
36 -31 -190 -15 +0 
40 -382 -761 -221 +0 
44 -653 -920 -616 +0 
48 -461 -666 -473 +0 
52 -254 -380 -173 +0 
56 -175 -190 -142 +0 
60 -270 -111 -126 +0 
64 -95 -47 -47 +0 

1678465469105406
36 -159 -238 -15 -15 
40 -445 -476 -142 -142 
44 -573 -444 -252 -236 
48 -445 -333 -157 -284 
52 -191 -111 -94 -268 
56 -111 -95 -63 -189 
60 -47 -126 -31 -110 
64 -15 -95 -31 -63 

1678465469476029
36 -254 -222 -31 -126 
40 -732 -491 -142 -363 
44 -461 -396 -157 -457 
48 -175 -126 -157 -394 
52 -111 -79 -110 -268 
56 -47 -95 -63 -205 
60 -15 -47 -47 -142 
64 +0 -31 -15 -94 

1678465469988393
36 -238 -126 +0 +0 
40 -939 -317 -78 -31 
44 -668 -412 -142 -31 
48 -254 -333 -110 -15 
52 -350 -158 -78 -15 
56 -143 -63 -47 -15 

1678465470072905
40 -509 -301 -63 -126 
44 -589 -587 -78 -284 
48 -350 -285 -126 -300 
52 -191 -111 -94 -221 
56 -127 -111 -31 -142 
60 -95 -63 -31 -94 
64 -63 -63 -15 -94 

1678465470256032
40 -828 -412 -142 -94 
44 -971 -444 -252 -157 
48 -414 -111 -157 -173 
52 -207 -79 -94 -173 
56 -207 -95 -63 -142 
60 -95 -31 -78 -78 

1678465470669903
40 -939 -412 -78 -284 
44 -1401 -761 -315 -726 
48 -939 -666 -315 -773 
52 -366 -317 -221 -552 
56 -238 -95 -142 -363 
60 -111 -111 -78 -268 
64 -63 -63 -63 -189 
68 -111 -31 -15 -110 

1678465470696016
36 -286 -174 -15 +0 
40 -525 -412 -189 -15 
44 -430 -364 -236 -31 
48 -127 -142 -221 -31 
52 -31 -79 -126 -15 

1678465470777021
36 -79 -222 +0 -15 
40 -430 -444 -157 -94 
44 -430 -491 -331 -189 
48 -366 -364 -221 -205 
52 -143 -174 -110 -189 
56 -127 -111 -94 -142 
60 -127 -63 -31 -94 

1678465470987776
36 -15 -158 -15 -15 
40 -573 -936 -363 -173 
44 -1115 -1063 -695 -552 
48 -891 -936 -473 -631 
52 -477 -523 -236 -505 
56 -254 -238 -205 -394 
60 -143 -206 -173 -268 
64 -95 -111 -63 -189 
68 -63 -63 -31 -126 
72 -31 -15 -47 -94 

1678465471147034
36 -143 -79 -31 +0 
40 -477 -444 -268 -78 
44 -477 -364 -315 -94 
48 -382 -222 -173 -126 
52 -127 -126 -110 -78 
56 -63 -79 -94 -63 

1678465471745027
36 -79 -238 -31 -31 
40 -382 -539 -142 -142 
44 -238 -364 -173 -173 
48 -111 -206 -110 -142 
52 -63 -142 -78 -94 
56 -95 -79 -47 -78 
60 -63 -95 -31 -47 

1678465472076028
32 +0 -95 +0 -15 
36 -238 -285 -63 -31 
40 -382 -317 -173 -63 
44 -238 -222 -126 -78 
48 -159 -95 -47 -94 
52 -95 -79 -78 -63 

1678465472128908
36 -47 -158 -31 -15 
40 -366 -460 -173 -110 
44 -334 -317 -221 -189 
48 -127 -206 -142 -205 
52 -95 -126 -94 -173 
56 -63 -95 -63 -142 
60 -31 -47 -63 -110 
64 -63 -15 -31 -94 

1678465472189906
36 -47 -190 -31 -15 
40 -414 -412 -284 -110 
44 -445 -333 -347 -221 
48 -382 -174 -173 -268 
52 -175 -126 -126 -205 
56 -159 -95 -94 -157 
60 -95 -79 -47 -126 

1678465472449021
36 -127 -158 -458 +0 
40 -461 -460 -600 +0 
44 -254 -301 -473 +0 
48 -254 -158 -252 +0 
52 -111 -142 -142 +0 
56 -79 -142 -94 +0 
60 -47 -63 -110 +0 

1678465472502049
36 -175 -222 -126 -63 
40 -589 -428 -173 -173 
44 -334 -222 -110 -173 
48 -111 -111 -78 -157 
52 -111 -63 -78 -126 
56 -79 -63 -63 -94 
68 -127 -31 +0 -47 

1678465472670902
36 -95 -95 +0 -15 
40 -366 -380 +0 -94 
44 -207 -333 +0 -126 
48 -175 -222 +0 -110 
52 -159 -158 +0 -94 
56 -95 -63 +0 -78 

1678465473138916
36 -222 -285 -31 -221 
40 -461 -444 -157 -394 
44 -334 -269 -221 -394 
48 -159 -174 -189 -347 
52 -79 -79 -78 -268 
56 -47 -47 -47 -157 
60 -47 -47 -31 -110 

1678465473676285
32 +0 -95 -15 +0 
36 -63 -158 -15 -15 
40 -302 -460 -126 -94 
44 -445 -491 -315 -284 
48 -238 -206 -268 -284 
52 -191 -174 -173 -205 
56 -159 -158 -78 -173 
60 -63 -63 -15 -126 

1678465473738913
40 -334 -380 -94 -47 
44 -191 -380 -236 -110 
48 -175 -253 -173 -126 
52 -222 -95 -78 -126 
56 -95 -31 -47 -94 
2068 +0 -95 +0 +0 

1678465473942026
36 -31 -111 +0 +0 
40 -445 -729 +0 -47 
44 -1369 -840 +0 -221 
48 -1051 -729 +0 -331 
52 -700 -555 +0 -300 
56 -477 -317 +0 -252 
60 -238 -142 +0 -189 
64 -143 -142 +0 -142 
68 -95 -79 +0 -110 

1678465474158032
40 -414 -476 -63 -31 
44 -1401 -840 -600 -78 
48 -1353 -777 -900 -221 
52 -732 -729 -521 -268 
56 -430 -412 -363 -205 
60 -270 -158 -236 -142 
64 -159 -142 -142 -110 
68 -95 -111 -94 -94 
72 -111 -95 -47 -47 
76 -111 -126 -31 -47 
8780 +0 -95 +0 +0 

1678465474423027
36 -143 -15 +0 +0 
40 -716 -349 -63 +0 
44 -477 -301 -173 +0 
48 -127 -190 -126 +0 
52 -143 -79 -63 +0 
56 -127 -95 -47 +0 
60 -95 -47 -63 +0 

1678465474785776
36 -15 -142 -15 +0 
40 -318 -476 -236 -63 
44 -350 -491 -315 -110 
48 -159 -253 -221 -126 
52 -79 -79 -110 -110 
56 -31 -158 -78 -78 
60 -15 -79 -94 -63 

1678465474899530
36 -111 -269 -78 -15 
40 -430 -507 -205 -78 
44 -461 -301 -252 -142 
48 -175 -111 -126 -142 
52 -95 -126 -47 -94 

1678465475567905
36 -31 -285 -31 -31 
40 -350 -507 -205 -78 
44 -286 -317 -236 -94 
48 -191 -238 -142 -78 
52 -95 -142 -63 -63 

1678465475705031
36 -63 -285 -15 +0 
40 -541 -698 -284 -63 
44 -350 -507 -363 -142 
48 -207 -349 -173 -110 
52 -127 -269 -126 -94 
56 -79 -79 -110 -63 
60 -111 -63 -47 -47 

1678465475733520
32 -111 -47 +0 -15 
36 -222 -190 -47 -94 
40 -350 -349 -189 -221 
44 -286 -222 -142 -189 
48 -143 -174 -47 -157 
52 -95 -95 -47 -110 
56 -95 -63 -31 -78 

1678465476139899
36 -79 -95 -31 -31 
40 -621 -444 -331 -142 
44 -637 -587 -489 -252 
48 -366 -301 -442 -236 
52 -159 -222 -284 -189 
56 -127 -190 -142 -157 
60 -47 -111 -78 -110 

1678465476208903
36 -63 -238 -15 +0 
40 -302 -1063 -300 +0 
44 -891 -1221 -695 +0 
48 -748 -1110 -584 +0 
52 -350 -920 -300 +0 
56 -207 -460 -189 +0 
60 -143 -285 -173 +0 
64 -111 -253 -94 +0 
68 -47 -158 -63 +0 
72 -15 -142 -47 +0 
76 -31 -111 -15 +0 

1678465476738306
36 -47 -126 +0 +0 
40 -302 -856 -173 -15 
44 -493 -967 -300 -31 
48 -270 -555 -189 -47 
52 -222 -364 -94 -78 
56 -95 -158 -78 -63 
60 -31 -126 -63 -31 

1678465476935516
36 -191 -174 -94 -47 
40 -366 -380 -300 -173 
44 -175 -317 -363 -221 
48 -95 -206 -189 -157 
52 -95 -63 -142 -126 
56 -47 -31 -126 -94 

1678465477577907
36 -159 -126 -47 -63 
40 -509 -523 -173 -173 
44 -430 -380 -236 -252 
48 -175 -111 -126 -236 
52 -63 -31 -63 -157 
56 -63 -95 -63 -126 
60 -47 -31 -31 -110 

1678465477816033
36 -15 -174 -221 +0 
40 -461 -539 -489 -94 
44 -334 -587 -379 -142 
48 -270 -333 -221 -126 
52 -175 -238 -126 -94 
56 -95 -142 -110 -63 

1678465478070040
36 -127 -31 +0 -15 
40 -1226 -539 -63 -63 
44 -1130 -761 -205 -236 
48 -589 -571 -205 -315 
52 -366 -412 -78 -300 
56 -270 -158 -78 -268 
60 -111 -126 -78 -205 
64 -63 -158 -31 -142 
68 -31 -111 -15 -94 

1678465478216028
36 -159 -222 -94 -47 
40 -318 -317 -189 -126 
44 -143 -253 -173 -173 
48 -63 -142 -78 -142 
52 -47 -63 -31 -94 

1678465478782909
36 -15 -142 -15 -15 
40 -334 -396 -142 -94 
44 -318 -396 -205 -157 
48 -207 -269 -173 -142 
52 -143 -174 -126 -94 
56 -47 -142 -63 -63 
1380 +0 -95 +0 +0 

1678465479275922
36 -254 -206 -47 -110 
40 -589 -396 -189 -236 
44 -302 -253 -205 -347 
48 -175 -158 -126 -268 
52 -175 -95 -63 -189 
56 -111 -79 -63 -142 
60 -63 -63 -47 -94 
68 -95 -31 +0 -47 

1678465479577531
36 -95 -238 -110 -47 
40 -302 -428 -284 -142 
44 -207 -349 -252 -157 
48 -143 -238 -173 -126 
52 -79 -238 -142 -94 

1678465480099025
36 -143 -222 -15 -15 
40 -461 -602 -31 -94 
44 -366 -396 -126 -236 
48 -143 -158 -94 -189 
52 -238 -142 -78 -126 
56 -111 -111 -78 -94 

1678465480219906
40 -445 -491 -126 +0 
44 -684 -491 -189 +0 
48 -366 -285 -221 +0 
52 -222 -253 -126 +0 
56 -143 -126 -78 +0 
60 -63 -126 -47 +0 

1678465480535399
40 -382 -634 -110 -110 
44 -589 -920 -568 -331 
48 -589 -714 -552 -410 
52 -414 -333 -284 -363 
56 -270 -190 -157 -284 
60 -111 -126 -126 -205 
64 -47 -79 -78 -142 
68 -31 -31 -31 -94 

1678465481593287
36 -143 -174 -15 -31 
40 -1162 -745 -173 -157 
44 -1369 -825 -268 -284 
48 -732 -349 -300 -284 
52 -493 -158 -126 -221 
56 -334 -126 -78 -157 
60 -159 -95 -78 -110 
64 -175 -63 -31 -78 
68 -111 -31 +0 -47 

1678465481769287
36 -79 -158 -31 -15 
40 -334 -476 -205 -63 
44 -318 -380 -252 -142 
48 -238 -222 -142 -142 
52 -191 -158 -47 -126 
56 -95 -63 -63 -110 

1678465481838925
36 -127 -158 -15 -31 
40 -334 -380 -126 -110 
44 -318 -269 -126 -189 
48 -207 -285 -110 -157 
52 -143 -79 -47 -110 

1678465481940277
36 -143 -206 +0 -31 
40 -461 -317 +0 -94 
44 -270 -238 +0 -126 
48 -127 -142 +0 -110 
52 -95 -47 +0 -78 

1678465482150770
36 -79 -95 -31 +0 
40 -461 -602 -236 +0 
44 -637 -682 -363 -15 
48 -334 -412 -268 -15 
52 -366 -269 -173 -15 
56 -159 -222 -94 -15 
60 -95 -126 -63 +0 

1678465482666022
36 -127 -222 -31 +0 
40 -1274 -1015 -363 +0 
44 -2000 -1158 -852 +0 
48 -1338 -1047 -710 +0 
52 -748 -872 -489 +0 
56 -477 -587 -315 +0 
60 -302 -460 -173 +0 
64 -238 -253 -94 +0 
68 -222 -111 -78 +0 
72 -111 -111 -63 +0 

1678465483174158
36 -159 -126 +0 -15 
40 -477 -444 -63 -94 
44 -541 -523 -268 -189 
48 -254 -301 -236 -157 
52 -175 -142 -110 -110 
56 -191 -111 -63 -94 
60 -127 -63 -47 -63 
6744 +0 -95 +0 +0 

1678465483506646
40 -525 -412 -31 -110 
44 -653 -444 -189 -284 
48 -461 -349 -189 -252 
52 -334 -126 -78 -205 
56 -159 -79 -78 -142 
60 -79 -95 -47 -94 

1678465483748167
36 -15 -190 +0 -15 
40 -350 -602 -142 -63 
44 -541 -666 -236 -157 
48 -366 -349 -142 -189 
52 -143 -190 -110 -126 
56 -191 -79 -110 -94 
60 -111 -63 -47 -63 

1678465483827900
36 -159 -206 -63 -15 
40 -398 -698 -458 -142 
44 -509 -539 -410 -268 
48 -270 -333 -268 -252 
52 -127 -190 -142 -189 
56 -95 -79 -110 -142 
60 -79 -95 -63 -110 
64 -31 -63 -47 -94 

1678465484218908
36 -95 -238 -31 -15 
40 -334 -682 -110 -78 
44 -430 -682 -252 -126 
48 -350 -412 -205 -126 
52 -191 -158 -94 -94 
56 -95 -126 -78 -78 

1678465484234894
36 -79 -206 -31 -15 
40 -430 -396 -142 -63 
44 -286 -238 -157 -110 
48 -159 -174 -110 -94 
52 -79 -126 -31 -63 

1678465484297895
36 -143 -253 -63 -31 
40 -350 -571 -252 -142 
44 -334 -380 -315 -173 
48 -238 -285 -189 -157 
52 -111 -174 -78 -142 
56 -63 -79 -94 -94 

1678465484523913
36 -254 -253 +0 -126 
40 -732 -571 -47 -331 
44 -637 -491 -205 -442 
48 -382 -364 -142 -394 
52 -222 -222 -110 -284 
56 -111 -142 -78 -189 
60 -79 -111 -31 -126 
64 -47 -63 -15 -94 
596 -143 +0 +0 +0 

1678465485004911
36 -175 -269 -47 -15 
40 -398 -507 -189 -78 
44 -557 -269 -157 -142 
48 -286 -190 -142 -142 
52 -159 -158 -110 -110 

1678465485349031
36 -95 -206 -15 -15 
40 -318 -618 -157 -126 
44 -430 -460 -236 -205 
48 -318 -222 -189 -173 
52 -127 -111 -78 -126 
56 -47 -111 -47 -94 

1678465485644895
36 -95 -126 -31 -15 
40 -334 -460 -236 -78 
44 -334 -523 -442 -157 
48 -238 -333 -315 -157 
52 -143 -158 -157 -110 
56 -31 -95 -110 -78 
60 -15 -126 -94 -47 

1678465485826032
36 -127 -190 -15 -31 
40 -477 -650 -47 -142 
44 -430 -460 -110 -221 
48 -159 -253 -126 -189 
52 -95 -142 -47 -126 
56 -111 -126 -15 -110 

1678465485927909
40 -302 -507 -695 -94 
44 -653 -618 -1026 -221 
48 -653 -523 -726 -205 
52 -238 -285 -410 -142 
56 -127 -126 -252 -110 
60 -143 -79 -157 -78 

1678465486407894
36 -207 -63 -47 -15 
40 -493 -507 -347 -78 
44 -286 -444 -426 -189 
48 -191 -222 -284 -221 
52 -143 -111 -173 -189 
56 -95 -95 -126 -157 
60 -63 -63 -94 -110 

1678465486527034
36 -191 -158 -63 -31 
40 -493 -349 -173 -157 
44 -382 -364 -300 -205 
48 -191 -269 -173 -189 
52 -95 -126 -110 -142 
56 -63 -47 -94 -94 
16248 +0 -95 +0 +0 

1678465486850898
36 -47 -126 -31 +0 
40 -350 -571 -363 -31 
44 -366 -698 -663 -110 
48 -350 -412 -521 -157 
52 -191 -142 -331 -157 
56 -95 -190 -173 -110 
60 -111 -111 -94 -94 

1678465487067907
36 -63 -253 +0 -31 
40 -334 -602 +0 -142 
44 -270 -396 +0 -205 
48 -111 -174 +0 -221 
52 -127 -126 +0 -173 
56 -63 -63 +0 -126 

1678465487146907
36 -127 -95 -15 -31 
40 -525 -460 -173 -205 
44 -430 -349 -236 -315 
48 -254 -238 -173 -315 
52 -127 -95 -94 -236 
56 -47 -63 -47 -189 
60 -15 -79 -15 -142 

1678465488167910
36 -79 -174 -47 -15 
40 -318 -380 -142 -47 
44 -159 -285 -189 -110 
48 -47 -174 -126 -78 
52 -127 -63 -47 -63 

1678465488359036
36 -63 -285 -15 -15 
40 -398 -476 -142 -94 
44 -270 -333 -157 -142 
48 -159 -285 -142 -142 
52 -159 -269 -47 -110 
56 -95 -63 -31 -78 

1678465488832030
36 -79 -95 +0 +0 
40 -844 -523 -63 +0 
44 -748 -714 -142 +0 
48 -445 -333 -142 +0 
52 -191 -158 -78 +0 
56 -127 -126 -78 +0 
60 -95 -47 -31 +0 

1678465488863158
36 -111 -158 -31 -15 
40 -589 -444 -236 -47 
44 -525 -396 -331 -110 
48 -254 -253 -189 -126 
52 -127 -142 -142 -78 
11440 +0 -95 +0 +0 

1678465488893393
36 -159 -253 -47 -31 
40 -541 -571 -268 -173 
44 -382 -333 -173 -268 
48 -143 -174 -94 -236 
52 -143 -111 -94 -173 
56 -79 -79 -47 -110 

1678465489058898
40 -302 -682 -284 -142 
44 -1051 -1158 -789 -552 
48 -955 -967 -963 -773 
52 -668 -523 -505 -631 
56 -430 -333 -268 -473 
60 -207 -222 -236 -347 
64 -207 -142 -157 -236 
68 -111 -79 -78 -173 
72 -63 -47 -63 -126 
76 -15 -31 -31 -110 
80 -31 -31 -31 -94 

1678465489087268
36 -238 -190 -78 -47 
40 -525 -539 -126 -110 
44 -350 -333 -173 -157 
48 -191 -174 -110 -142 
52 -127 -126 -47 -126 
56 -31 -63 -47 -94 

1678465489407041
36 -63 -142 -15 -47 
40 -461 -460 -63 -142 
44 -366 -380 -157 -221 
48 -238 -206 -157 -221 
52 -143 -95 -78 -142 
56 -31 -47 -47 -110 

1678465489881157
36 -111 -158 +0 -31 
40 -764 -571 -47 -205 
44 -1130 -587 -205 -442 
48 -541 -460 -173 -457 
52 -350 -285 -110 -378 
56 -191 -158 -47 -236 
60 -79 -47 -31 -173 
64 -63 -111 -15 -126 

1678465489930701
36 -47 -190 +0 -15 
40 -318 -444 +0 -47 
44 -350 -301 +0 -126 
48 -63 -206 +0 -142 
52 -47 -158 +0 -126 
56 -95 -63 +0 -94 

1678465490011043
36 -111 -63 +0 -63 
40 -812 -650 -142 -473 
44 -1274 -952 -394 -1089 
48 -860 -618 -410 -1294 
52 -382 -396 -284 -1058 
56 -191 -301 -189 -773 
60 -191 -190 -94 -552 
64 -95 -190 -78 -378 
68 -31 -111 -31 -252 
72 -63 -31 -31 -157 
76 -31 -47 -15 -126 
13468 +0 -95 +0 +0 

1678465490268161
40 -318 -349 +0 -47 
44 -366 -253 +0 -126 
48 -222 -111 +0 -126 
52 -159 -95 +0 -94 

1678465491516148
40 -350 -364 -110 -189 
44 -653 -571 -189 -457 
48 -334 -380 -173 -521 
52 -127 -174 -110 -426 
56 -79 -95 -63 -300 
60 -31 -79 -31 -205 
64 -47 -31 -15 -142 
68 -15 -63 -15 -94 

1678465491902282
36 -95 -174 +0 -15 
40 -907 -1269 +0 -78 
44 -1911 -1443 +0 -457 
48 -1959 -1269 +0 -773 
52 -1242 -1126 -15 -726 
56 -700 -698 +0 -536 
60 -414 -507 +0 -378 
64 -318 -285 +0 -268 
68 -302 -158 +0 -189 
72 -191 -158 +0 -126 
76 -47 -79 +0 -94 

1678465492415020
36 -143 -15 -15 +0 
40 -732 -333 -205 +0 
44 -1019 -587 -379 +0 
48 -509 -460 -363 +0 
52 -159 -269 -189 +0 
56 -143 -269 -94 +0 
60 -79 -158 -63 +0 

1678465492551373
36 -47 -222 -15 -15 
40 -445 -729 -110 -173 
44 -461 -952 -157 -331 
48 -238 -666 -173 -315 
52 -127 -364 -110 -221 
56 -79 -142 -47 -157 
60 -31 -63 -31 -126 
64 -15 -79 -31 -94 

1678465492748281
40 -668 -650 -110 -15 
44 -1067 -936 -537 -126 
48 -1003 -793 -552 -252 
52 -557 -364 -331 -205 
56 -382 -285 -205 -157 
60 -238 -190 -126 -142 
64 -79 -79 -63 -110 
68 -95 -79 -31 -78 

1678465492803361
36 -159 -158 +0 -15 
40 -445 -476 -189 -15 
44 -477 -444 -284 -78 
48 -270 -428 -221 -110 
52 -127 -190 -110 -94 

1678465493057266
36 -95 -158 +0 +0 
40 -318 -364 -47 +0 
44 -302 -111 -78 +0 
48 -238 -158 -47 +0 
52 -159 -95 -15 +0 

1678465493085769
36 -47 -238 -31 -31 
40 -334 -444 -157 -63 
44 -191 -285 -221 -78 
48 -111 -190 -142 -78 
52 -47 -95 -78 -126 
56 -79 -31 -47 -94 

1678465493135662
40 -302 -333 -252 -15 
44 -366 -428 -300 -31 
48 -366 -222 -157 -78 
52 -127 -126 -94 -63 

1678465493164403
36 -63 -174 -110 -31 
40 -302 -444 -300 -94 
44 -270 -317 -331 -157 
48 -191 -111 -236 -157 
52 -111 -79 -157 -126 
56 -47 -47 -110 -94 

1678465493421908
36 -222 -269 -126 -94 
40 -414 -491 -189 -173 
44 -270 -285 -173 -205 
48 -127 -142 -78 -189 
52 -95 -63 -31 -142 
56 -143 -79 -47 -94 

1678465493643158
36 -95 -174 +0 -15 
40 -828 -729 -268 -142 
44 -764 -618 -410 -300 
48 -334 -364 -236 -331 
52 -207 -285 -189 -268 
56 -207 -174 -142 -205 
60 -79 -79 -94 -126 

1678465493922898
36 -31 -95 +0 -15 
40 -653 -571 +0 -94 
44 -589 -714 +0 -268 
48 -286 -555 -15 -284 
52 -191 -269 -15 -268 
56 -111 -111 -15 -236 
60 -95 -126 +0 -173 
64 -31 -79 +0 -126 
68 -31 -31 +0 -94 
14024 +0 -95 +0 +0 

1678465494020897
36 -63 -142 +0 -15 
40 -430 -904 +0 -189 
44 -844 -1015 -15 -457 
48 -525 -745 +0 -489 
52 -318 -301 -15 -410 
56 -238 -253 +0 -284 
60 -159 -222 +0 -205 
64 -111 -95 -15 -157 
68 -79 -63 +0 -110 
72 -31 -95 -15 -78 

1678465494365906
36 -175 -111 -15 -47 
40 -382 -349 -126 -157 
44 -191 -206 -142 -189 
48 -127 -95 -110 -142 
52 -111 -47 -47 -94 

1678465494595913
36 -95 -253 -47 -15 
40 -621 -507 -300 -63 
44 -621 -285 -363 -110 
48 -302 -158 -189 -110 
52 -159 -111 -94 -94 
56 -143 -79 -78 -78 
64 -95 +0 -15 -31 

1678465494955024
36 -15 -126 -15 -15 
40 -398 -761 -126 -142 
44 -716 -809 -236 -363 
48 -430 -618 -205 -394 
52 -159 -269 -110 -331 
56 -143 -206 -63 -284 
60 -95 -142 -63 -236 
64 -143 -47 -31 -157 
68 -47 -63 -15 -110 
11532 +0 -111 +0 +0 
12464 +0 -95 +0 +0 

1678465495434032
36 -31 -190 -15 +0 
40 -334 -317 -173 -78 
44 -238 -222 -236 -173 
48 -143 -142 -142 -173 
52 -159 -111 -78 -157 
56 -111 -95 -63 -126 
60 -95 -31 -47 -78 

1678465495779032
36 -111 -174 -63 -15 
40 -541 -444 -189 -47 
44 -509 -206 -189 -94 
48 -191 -47 -110 -78 
56 -95 -63 -63 -31 

1678465495964029
40 -414 -634 -94 -110 
44 -780 -856 -236 -363 
48 -414 -698 -252 -457 
52 -254 -460 -205 -394 
56 -175 -269 -126 -300 
60 -79 -206 -63 -205 
64 -95 -63 -31 -126 
68 -31 -63 -15 -94 

1678465496172895
36 -127 -253 -110 -31 
40 -621 -428 -221 -78 
44 -382 -301 -126 -126 
48 -143 -158 -94 -157 
52 -143 -95 -94 -126 
56 -95 -95 -31 -94 

1678465496308034
36 -63 -174 +0 -15 
40 -668 -793 -157 -78 
44 -1019 -999 -473 -331 
48 -716 -698 -458 -521 
52 -350 -476 -268 -521 
56 -143 -301 -126 -410 
60 -175 -111 -110 -300 
64 -127 -47 -78 -205 
68 -47 -31 -31 -142 
72 -15 -31 -31 -94 

1678465496356830
36 -270 -111 -31 -31 
40 -732 -349 -205 -94 
44 -461 -301 -268 -142 
48 -334 -285 -157 -126 
52 -270 -111 -63 -110 
56 -95 -47 -47 -78 

1678465496497159
36 -191 -79 +0 -47 
40 -876 -491 -78 -300 
44 -1035 -460 -205 -552 
48 -541 -285 -142 -536 
52 -238 -174 -94 -394 
56 -159 -142 -78 -268 
60 -63 -63 -31 -173 
64 -31 -15 -15 -126 

1678465497353029
36 -63 -206 -15 +0 
40 -414 -523 -157 -47 
44 -557 -555 -300 -142 
48 -350 -491 -205 -157 
52 -95 -301 -126 -126 
56 -95 -238 -78 -94 
60 -79 -111 -47 -63 
64 -95 -31 -15 -47 

1678465498250275
36 -47 -174 -31 -15 
40 -318 -507 -173 -94 
44 -350 -364 -252 -157 
48 -286 -158 -205 -126 
52 -159 -79 -94 -126 
56 -63 -63 -78 -94 

1678465498319027
36 -15 -238 +0 -15 
40 -334 -602 -236 -173 
44 -605 -618 -394 -473 
48 -430 -587 -379 -442 
52 -207 -364 -221 -331 
56 -127 -142 -94 -252 
60 -175 -47 -94 -173 
64 -63 -95 -63 -142 
68 -31 -63 -47 -94 
8344 +0 -126 +0 +0 

1678465498986027
36 -79 -111 +0 +0 
40 -1736 -999 -189 +0 
44 -2000 -1380 -552 +0 
48 -2000 -1285 -537 +0 
52 -2000 -1205 -379 +0 
56 -1258 -1063 -221 +0 
60 -509 -904 -142 +0 
64 -430 -698 -78 +0 
68 -302 -555 -47 +0 
72 -207 -317 -15 +0 
76 -127 -253 -15 +0 
80 -79 -142 -15 +0 
84 -63 -126 +0 +0 
88 -47 -111 -15 +0 
92 -143 -95 +0 +0 
96 -63 -158 +0 +0 
108 -95 -15 -15 +0 

1678465500014674
36 -191 -222 -31 -15 
40 -668 -364 -252 -78 
44 -653 -269 -252 -142 
48 -350 -174 -173 -142 
52 -159 -190 -63 -110 
56 -159 -79 -31 -63 

1678465500328534
36 -111 -63 +0 +0 
40 -525 -301 -110 -15 
44 -334 -428 -205 -31 
48 -127 -222 -126 -63 
52 -143 -142 -110 -63 
56 -95 -63 -63 -47 
800 +0 -126 +0 +0 

1678465500348389
36 +0 -111 -31 +0 
40 -493 -745 -142 -94 
44 -1083 -872 -773 -315 
48 -1003 -729 -695 -473 
52 -525 -539 -394 -426 
56 -414 -269 -284 -331 
60 -222 -158 -173 -268 
64 -207 -126 -78 -189 
68 -95 -63 -78 -110 

1678465500434907
36 -47 -206 -15 -15 
40 -414 -460 -142 -94 
44 -238 -269 -142 -189 
48 -63 -174 -126 -221 
52 -95 -142 -94 -173 
56 -79 -95 -15 -142 
60 -15 -47 -15 -94 

1678465500743165
36 -31 -126 -15 +0 
40 -398 -682 -221 +0 
44 -541 -634 -426 +0 
48 -461 -301 -300 +0 
52 -127 -126 -157 +0 
56 -63 -142 -94 +0 
60 -111 -111 -47 +0 

1678465501439795
36 -63 -95 -31 +0 
40 -477 -539 -252 -31 
44 -1067 -666 -600 -47 
48 -796 -412 -505 -63 
52 -430 -253 -236 -47 
56 -302 -126 -173 -31 
60 -222 -79 -94 -31 
5720 +0 -126 +0 +0 

1678465502360908
36 -79 -238 -15 -31 
40 -1003 -523 -252 -63 
44 -1099 -460 -442 -142 
48 -812 -412 -284 -142 
52 -414 -206 -126 -110 
56 -430 -126 -126 -78 
60 -175 -126 -78 -63 
64 -47 -95 -31 -63 

1678465502491904
36 -95 -31 +0 -15 
40 -1099 -745 -47 -331 
44 -1815 -967 -268 -915 
48 -1401 -920 -300 -1136 
52 -589 -634 -221 -915 
56 -350 -396 -126 -679 
60 -270 -285 -63 -505 
64 -143 -190 -47 -347 
68 -79 -111 -31 -221 
72 -31 -31 +0 -173 
76 -47 -47 +0 -110 

1678465503202767
36 -175 -222 -47 -31 
40 -525 -618 -284 -126 
44 -350 -317 -252 -205 
48 -302 -174 -157 -205 
52 -191 -158 -110 -157 
56 -95 -79 -63 -110 
60 -79 -126 -31 -94 

1678465504284273
36 -47 -222 -78 -31 
40 -350 -428 -189 -78 
44 -254 -174 -268 -126 
48 -79 -174 -142 -110 
52 -95 -174 -63 -78 

1678465504557784
36 -111 -206 -47 -31 
40 -398 -301 -126 -126 
44 -127 -222 -110 -142 
48 -47 -126 -94 -126 
52 -79 -79 -31 -110 
56 -47 -63 -15 -94 

1678465504687907
36 -95 -31 +0 -15 
40 -445 -301 -63 -126 
44 -445 -380 -173 -252 
48 -270 -269 -173 -268 
52 -143 -142 -94 -221 
56 -79 -79 -63 -142 
60 -95 -31 -47 -94 

1678465504721258
36 -63 -190 -47 -31 
40 -573 -714 -410 -126 
44 -541 -602 -505 -252 
48 -445 -444 -347 -268 
52 -111 -301 -189 -205 
56 -31 -174 -142 -173 
60 -31 -79 -78 -142 
64 -31 -31 -78 -94 

1678465505424899
36 -159 -285 -15 -31 
40 -844 -714 -205 -157 
44 -812 -761 -458 -331 
48 -366 -634 -363 -331 
52 -270 -317 -221 -300 
56 -207 -238 -157 -236 
60 -111 -222 -110 -173 
64 -47 -95 -31 -142 
68 -63 -47 -15 -110 

1678465505719403
36 -95 -253 -15 -15 
40 -334 -666 -126 -63 
44 -238 -745 -300 -126 
48 -159 -491 -205 -126 
52 -159 -269 -110 -94 
56 -175 -126 -63 -63 

1678465506257285
36 -191 -111 -15 -15 
40 -1130 -444 -268 -47 
44 -1146 -333 -347 -126 
48 -748 -253 -331 -173 
52 -382 -158 -221 -173 
56 -191 -79 -142 -142 
60 -143 -31 -78 -94 
64 -95 -15 -47 -78 

1678465506465655
36 -63 -238 -31 -63 
40 -477 -761 -410 -331 
44 -732 -777 -473 -584 
48 -238 -412 -331 -600 
52 -63 -222 -205 -457 
56 -63 -142 -110 -315 
60 -31 -142 -63 -236 
64 +0 -79 -47 -173 
68 +0 -31 -31 -110 

1678465506546920
36 -111 -253 -15 +0 
40 -366 -682 -142 -15 
44 -445 -555 -221 -47 
48 -254 -317 -173 -63 
52 -95 -238 -110 -63 
56 -95 -158 -63 -63 
60 -95 -47 -31 -47 

1678465506930896
36 -127 -253 -47 -15 
40 -621 -555 -315 -94 
44 -700 -428 -379 -173 
48 -334 -253 -189 -189 
52 -159 -142 -126 -157 
56 -143 -95 -78 -126 
60 -143 -95 -47 -78 

1678465506985232
40 -382 -682 -157 -142 
44 -907 -825 -394 -426 
48 -573 -714 -331 -536 
52 -254 -571 -284 -489 
56 -191 -349 -126 -347 
60 -159 -222 -47 -252 
64 -111 -142 -78 -189 
68 -79 -63 -47 -126 
72 -143 -15 -31 -94 
76 -79 -31 -15 -94 

1678465507188770
36 -15 -142 +0 -15 
40 -398 -364 -94 -78 
44 -366 -364 -126 -126 
48 -143 -222 -94 -126 
52 -143 -79 -31 -110 
56 -127 -47 -15 -78 
4624 +0 -95 +0 +0 

1678465507309659
36 -47 -238 -47 -15 
40 -302 -412 -126 -63 
44 -207 -206 -142 -94 
48 -95 -111 -110 -94 
52 -47 -111 -63 -63 
9444 +0 -95 +0 +0 

1678465508084892
36 -207 -126 -15 -15 
40 -350 -412 -205 -31 
44 -318 -317 -205 -47 
48 -286 -174 -126 -47 
52 -143 -95 -63 -47 
56 -143 -79 -31 -31 

1678465508445905
40 -812 -301 -63 -126 
44 -637 -428 -205 -300 
48 -302 -285 -189 -284 
52 -207 -158 -126 -189 
56 -175 -126 -63 -142 
60 -159 -63 -47 -110 

1678465508494253
36 -143 -126 -31 -31 
40 -398 -349 -63 -94 
44 -382 -253 -142 -157 
48 -350 -142 -142 -205 
52 -191 -111 -78 -157 
56 -79 -111 -47 -94 
1020 +0 -95 +0 +0 

1678465509397037
40 -445 -507 -94 -63 
44 -716 -872 -426 -205 
48 -780 -587 -521 -268 
52 -445 -317 -300 -300 
56 -238 -142 -173 -236 
60 -143 -126 -142 -157 
64 -63 -79 -78 -110 

1678465509450542
36 -47 -126 -15 +0 
40 -414 -983 -126 -63 
44 -477 -1031 -221 -126 
48 -366 -602 -157 -142 
52 -302 -285 -78 -142 
56 -159 -190 -63 -126 
60 -31 -126 -31 -94 

1678465510295275
36 -191 -190 -31 -78 
40 -493 -380 -157 -236 
44 -254 -269 -284 -252 
48 -159 -142 -205 -189 
52 -111 -47 -78 -126 
56 -47 -63 -63 -94 

1678465510801159
36 -95 -285 -78 -47 
40 -716 -872 -268 -315 
44 -573 -872 -426 -600 
48 -350 -634 -315 -568 
52 -286 -238 -189 -457 
56 -159 -142 -110 -331 
60 -63 -126 -78 -221 
64 -47 -63 -47 -157 
68 -47 -95 -15 -110 

1678465511303520
36 -95 -158 -126 +0 
40 -1226 -840 -758 -31 
44 -1624 -999 -789 -126 
48 -1003 -793 -584 -142 
52 -366 -602 -315 -142 
56 -222 -269 -205 -110 
60 -254 -174 -173 -63 
64 -159 -174 -110 -47 
68 -95 -158 -47 -47 

1678465511609037
40 -318 -793 -142 -110 
44 -1083 -1158 -647 -394 
48 -876 -936 -647 -615 
52 -589 -793 -363 -568 
56 -318 -428 -221 -442 
60 -191 -285 -189 -347 
64 -111 -190 -94 -236 
68 -111 -158 -47 -157 
72 -47 -79 -78 -110 

1678465512407019
36 -127 -31 -15 -31 
40 -764 -444 -94 -236 
44 -796 -460 -221 -347 
48 -366 -253 -205 -300 
52 -143 -95 -94 -236 
56 -111 -47 -78 -189 
60 -127 -15 -47 -142 
64 -63 -15 -15 -94 

1678465513195900
40 -350 -444 -63 -15 
44 -589 -491 -252 -47 
48 -222 -301 -205 -126 
52 -79 -206 -110 -157 
56 -159 -95 -63 -157 
60 -111 -79 -31 -110 
64 -31 -63 -15 -94 

1678465513274907
36 -159 -269 -47 -31 
40 -318 -317 -142 -78 
44 -254 -253 -157 -94 
48 -127 -174 -126 -94 
52 -79 -111 -63 -63 
60 -31 -95 -47 -47 

1678465513646902
36 -47 -253 +0 +0 
40 -414 -714 -205 -47 
44 -366 -650 -236 -126 
48 -143 -349 -126 -157 
52 -95 -174 -63 -126 
56 -159 -111 -63 -94 

1678465514092902
36 -127 -222 -47 -31 
40 -637 -491 -252 -126 
44 -509 -491 -315 -157 
48 -414 -253 -221 -126 
52 -350 -142 -142 -78 
56 -111 -79 -78 -63 

1678465514558520
36 -95 -253 -31 -31 
40 -414 -364 -142 -94 
44 -414 -301 -142 -142 
48 -222 -95 -126 -157 
52 -111 -47 -110 -126 

1678465515000903
36 -47 -111 +0 -15 
40 -573 -412 -173 -63 
44 -732 -349 -236 -157 
48 -445 -206 -205 -189 
52 -318 -111 -142 -173 
56 -111 -95 -110 -173 
60 -79 -47 -78 -126 
64 -63 -63 -63 -94 

1678465515185910
36 -63 -158 -63 -94 
40 -318 -460 -426 -300 
44 -414 -539 -568 -426 
48 -238 -301 -331 -363 
52 -143 -158 -268 -300 
56 -111 -174 -173 -236 
60 -95 -63 -47 -157 
64 -15 -15 -47 -110 

1678465515197397
36 -47 -126 +0 -15 
40 -334 -476 -126 -78 
44 -350 -491 -189 -173 
48 -143 -238 -173 -205 
52 -111 -126 -78 -157 
56 -79 -95 -63 -110 
64 -31 -95 -31 -47 

1678465516077144
36 -143 -206 -47 +0 
40 -398 -825 -394 -31 
44 -477 -793 -489 -94 
48 -286 -539 -363 -126 
52 -143 -317 -189 -126 
56 -127 -142 -142 -94 
60 -63 -95 -110 -78 
64 -31 -111 -78 -63 

1678465516456399
36 -15 -206 -31 -15 
40 -573 -476 -268 -63 
44 -668 -507 -426 -157 
48 -477 -317 -331 -173 
52 -286 -158 -173 -142 
56 -143 -63 -110 -110 
60 -95 -79 -63 -63 
68 -95 -31 -47 -47 

1678465516942894
40 -637 -396 -63 -331 
44 -1306 -650 -189 -836 
48 -955 -491 -205 -947 
52 -382 -285 -126 -710 
56 -222 -142 -63 -521 
60 -175 -126 -47 -378 
64 -79 -63 -63 -252 
68 -47 -31 -15 -189 
72 -47 -31 +0 -110 

1678465516995967
36 -15 -238 -15 -15 
40 -302 -698 -142 -78 
44 -302 -602 -157 -173 
48 -175 -317 -142 -205 
52 -79 -142 -47 -157 
56 -47 -95 -47 -110 
60 -15 -95 -47 -94 

1678465517117416
36 -143 -190 -15 -47 
40 -398 -507 -63 -157 
44 -382 -428 -78 -221 
48 -95 -285 -47 -205 
52 -63 -142 -31 -173 
56 -47 -126 -15 -126 

1678465517165704
36 -207 -142 -15 -47 
40 -477 -380 -189 -205 
44 -334 -428 -331 -315 
48 -175 -238 -173 -252 
52 -207 -111 -126 -173 
56 -159 -79 -94 -126 
60 -47 -31 -47 -94 

1678465517552029
36 -207 -47 -15 -15 
40 -1178 -507 -173 -157 
44 -939 -444 -252 -315 
48 -541 -285 -221 -347 
52 -318 -206 -110 -284 
56 -207 -95 -94 -189 
60 -79 -95 -47 -126 
64 -63 -47 -31 -94 

1678465517735900
36 -286 -142 +0 -63 
40 -445 -317 +0 -189 
44 -366 -206 +0 -252 
48 -175 -79 +0 -205 
52 -191 -63 +0 -157 
56 -111 -63 +0 -110 
60 -95 -63 +0 -78 
6696 +0 -95 +0 +0 

1678465517881034
40 -557 -555 -31 -205 
44 -238 -650 -142 -394 
48 -127 -602 -94 -363 
52 -143 -285 -63 -315 
56 -63 -142 -31 -236 
60 -15 -111 -31 -142 
64 -47 -63 -15 -94 

1678465518456917
36 -31 -238 -15 -15 
40 -302 -650 -268 -78 
44 -461 -602 -300 -173 
48 -414 -364 -189 -205 
52 -143 -238 -110 -173 
56 -127 -142 -78 -110 

1678465518484262
36 -95 -31 +0 +0 
40 -350 -380 -94 -15 
44 -764 -618 -347 -94 
48 -700 -634 -379 -142 
52 -430 -285 -221 -126 
56 -207 -158 -205 -110 
60 -95 -126 -142 -78 

1678465518529299
36 -270 -285 -15 -47 
40 -318 -444 -63 -94 
44 -222 -269 -94 -94 
48 -111 -79 -63 -110 
52 -95 -31 -31 -110 
56 -31 -95 -31 -78 

1678465518713904
40 -366 -317 -31 -142 
44 -493 -555 -110 -347 
48 -207 -349 -157 -394 
52 -191 -190 -110 -315 
56 -127 -158 -47 -236 
60 -79 -126 +0 -173 
64 -15 -63 -15 -110 
7072 +0 +0 +0 -110 
7076 +0 +0 +0 -126 
7080 +0 -15 +0 -94 

1678465519035027
36 -47 -158 -15 -15 
40 -414 -444 -126 -94 
44 -477 -396 -205 -173 
48 -334 -222 -173 -157 
52 -207 -126 -94 -126 
56 -95 -111 -47 -94 

1678465519260655
36 -238 -174 -63 +0 
40 -445 -380 -126 +0 
44 -334 -238 -126 +0 
48 -143 -95 -94 +0 
52 -111 -95 -47 +0 
64 +0 -111 -15 +0 

1678465519339904
36 -47 -174 -47 +0 
40 -430 -523 -157 -47 
44 -477 -476 -173 -78 
48 -222 -317 -110 -142 
52 -191 -206 -78 -110 
56 -127 -142 -47 -78 

1678465519850531
36 -79 -253 +0 -47 
40 -318 -587 -94 -189 
44 -302 -444 -126 -221 
48 -143 -222 -110 -173 
52 -79 -222 -63 -126 
56 -95 -158 -47 -94 
60 -31 -95 -15 -63 

1678465519978912
36 -159 -111 -31 -15 
40 -302 -317 -110 -110 
44 -238 -285 -94 -205 
48 -175 -111 -63 -189 
52 -63 -95 -47 -142 
56 -31 -79 -15 -94 

1678465520382906
36 -63 -111 -15 -15 
40 -318 -380 -63 -47 
44 -238 -444 -221 -110 
48 -127 -285 -173 -110 
52 -63 -142 -110 -94 
56 -95 -111 -78 -63 

1678465520567907
36 -159 -79 -126 -31 
40 -382 -301 -410 -142 
44 -509 -301 -442 -236 
48 -286 -206 -205 -252 
52 -79 -126 -110 -205 
56 -127 -31 -78 -126 
60 -159 -15 -63 -78 

1678465520847159
36 -95 -269 -31 -63 
40 -430 -396 -110 -157 
44 -286 -269 -110 -205 
48 -95 -206 -78 -173 
52 -63 -158 -47 -142 
56 -79 -63 -15 -126 

1678465521131906
36 -63 -142 +0 +0 
40 -541 -983 -47 +0 
44 -1353 -1221 -221 -63 
48 -1115 -1094 -142 -94 
52 -668 -856 -94 -94 
56 -350 -587 -78 -110 
60 -286 -364 -47 -94 
64 -95 -317 -31 -63 
68 -63 -158 -15 -63 
72 -79 -126 +0 -47 
76 -63 -95 -15 -31 
88 -47 -95 +0 -15 

1678465522159283
36 -191 -79 +0 +0 
40 -716 -460 -78 +0 
44 -605 -476 -157 +0 
48 -382 -301 -157 +0 
52 -191 -126 -78 +0 
56 -111 -95 -78 +0 
60 -79 -63 -94 +0 
64 -143 -63 -31 +0 

1678465522806784
36 -63 -126 -15 -31 
40 -334 -840 -94 -284 
44 -780 -983 -347 -789 
48 -637 -825 -252 -868 
52 -414 -587 -110 -663 
56 -175 -380 -110 -473 
60 -127 -253 -78 -315 
64 -95 -126 -47 -221 
68 -47 -63 -31 -173 
72 -15 -63 -31 -94 
76 -47 -126 -15 -63 

1678465523494057
36 -63 -158 -15 -31 
40 -334 -571 -157 -94 
44 -318 -523 -205 -142 
48 -254 -238 -142 -157 
52 -111 -174 -94 -110 
56 -95 -63 -47 -78 
64 -15 -95 -15 -47 
11056 +0 -95 +0 +0 

1678465525388896
36 -15 -142 +0 +0 
40 -493 -618 -157 -47 
44 -1194 -698 -410 -157 
48 -907 -364 -458 -205 
52 -589 -253 -284 -173 
56 -382 -253 -221 -126 
60 -191 -79 -110 -94 
64 -111 -47 -63 -63 
68 -95 -31 -63 -47 

1678465526492284
40 -318 -333 -78 -63 
44 -557 -491 -221 -157 
48 -366 -301 -221 -189 
52 -159 -222 -110 -157 
56 -63 -95 -63 -110 
60 -95 -15 -78 -110 
64 -127 -31 -31 -94 

1678465527385288
40 -573 -301 -300 -47 
44 -955 -317 -505 -189 
48 -812 -238 -426 -205 
52 -780 -126 -268 -173 
56 -334 -111 -126 -126 
60 -143 -79 -78 -78 
64 -95 -47 -47 -47 

1678465527673911
36 -63 -95 +0 -15 
40 -876 -571 -15 -142 
44 -1019 -761 -63 -505 
48 -430 -555 -78 -631 
52 -254 -333 -47 -521 
56 -254 -269 -31 -363 
60 -159 -190 -15 -268 
64 -47 -79 -15 -205 
68 -31 -31 -15 -142 
72 -15 -31 +0 -94 
13500 +0 -95 +0 +0 

1678465527866905
40 -445 -428 -126 -31 
44 -684 -523 -315 -173 
48 -445 -428 -205 -189 
52 -270 -206 -126 -157 
56 -175 -142 -126 -110 
60 -127 -79 -63 -63 

1678465527925128
36 -31 -142 -15 -15 
40 -318 -555 -157 -31 
44 -430 -618 -315 -126 
48 -445 -396 -331 -189 
52 -222 -301 -205 -142 
56 -143 -158 -94 -110 
60 -79 -95 -63 -94 
5996 +0 -95 +0 +0 
13464 +0 -111 +0 +0 

1678465528193033
36 -79 -253 -31 -47 
40 -1210 -888 -742 -300 
44 -1895 -1063 -1784 -852 
48 -1863 -983 -1816 -1168 
52 -1353 -856 -1405 -1121 
56 -907 -587 -821 -947 
60 -493 -285 -489 -726 
64 -286 -317 -347 -505 
68 -175 -158 -236 -331 
72 -79 -111 -173 -236 
76 -79 -126 -94 -189 
80 -63 -63 -63 -126 
84 -63 -111 -47 -78 

1678465528393029
40 -477 -301 -94 +0 
44 -589 -380 -189 +0 
48 -318 -206 -173 +0 
52 -111 -63 -126 +0 
56 -111 -15 -47 +0 
4528 +0 -95 +0 +0 

1678465528468033
36 -31 -142 -15 +0 
40 -302 -412 -157 -94 
44 -477 -349 -252 -189 
48 -222 -111 -157 -189 
52 -127 -126 -110 -142 
56 -95 -142 -63 -126 
60 -31 -63 -31 -94 

1678465528799905
36 -31 -158 +0 +0 
40 -398 -539 -15 +0 
44 -605 -650 -63 +0 
48 -350 -555 -47 +0 
52 -302 -428 -47 +0 
56 -191 -269 -15 +0 
60 -143 -174 -15 +0 
64 -127 -111 +0 +0 
68 -47 -126 +0 +0 
1804 +0 -95 +0 +0 

1678465529645893
36 -111 -222 -15 -15 
40 -1115 -840 -331 -15 
44 -1688 -920 -789 -15 
48 -1306 -825 -758 -15 
52 -732 -729 -426 -15 
56 -477 -539 -300 -15 
60 -350 -396 -236 -15 
64 -270 -269 -110 -15 
68 -111 -238 -78 -15 
72 -95 -158 -63 +0 
8808 +0 -95 +0 +0 
12236 +0 -95 +0 +0 

1678465529756907
32 -111 -15 +0 +0 
36 -191 -142 -15 -47 
40 -700 -364 -173 -300 
44 -509 -333 -142 -410 
48 -238 -206 -126 -315 
52 -143 -158 -94 -205 
56 -111 -47 -47 -142 
60 -79 -31 -63 -110 

1678465529897036
36 -63 -190 +0 -31 
40 -350 -491 +0 -173 
44 -605 -507 +0 -331 
48 -382 -333 +0 -363 
52 -159 -158 +0 -315 
56 -79 -63 +0 -252 
60 -79 -95 +0 -221 
64 -31 -15 +0 -142 

1678465530026032
40 -461 -380 -78 -110 
44 -716 -571 -252 -331 
48 -557 -476 -300 -363 
52 -318 -301 -252 -284 
56 -159 -174 -126 -205 
60 -127 -158 -110 -157 
64 -143 -63 -63 -94 

1678465530550534
36 -222 -253 -47 -173 
40 -589 -507 -157 -410 
44 -350 -253 -221 -473 
48 -111 -126 -126 -363 
52 -127 -142 -63 -284 
56 -31 -79 -47 -189 
60 -31 -63 -31 -126 

1678465530871900
36 -63 -174 -31 -47 
40 -461 -364 -142 -142 
44 -270 -301 -157 -173 
48 -95 -111 -94 -126 
52 -127 -79 -47 -94 
56 -127 -63 -31 -63 

1678465531037908
36 -127 -238 -15 -15 
40 -334 -412 -94 -78 
44 -159 -269 -78 -126 
48 -222 -126 -63 -94 
52 -127 -63 -31 -63 

1678465531757026
36 -31 -111 -15 -31 
40 -445 -349 -110 -126 
44 -302 -317 -173 -205 
48 -270 -238 -221 -189 
52 -111 -95 -126 -205 
56 -47 -63 -110 -189 
60 -31 -31 -47 -110 

1678465531867046
36 -207 -285 -268 +0 
40 -557 -618 -458 +0 
44 -493 -460 -410 +0 
48 -238 -269 -173 +0 
52 -159 -253 -94 +0 
56 -111 -126 -63 +0 

1678465531943921
36 -15 -126 -31 -15 
40 -350 -491 -126 -110 
44 -398 -460 -252 -205 
48 -541 -285 -110 -205 
52 -254 -222 -63 -173 
56 -79 -95 -110 -126 
60 -111 -79 -63 -94 

1678465532232917
36 -31 -158 +0 +0 
40 -350 -301 -157 -31 
44 -509 -301 -268 -126 
48 -334 -206 -157 -157 
52 -127 -174 -63 -110 
56 -111 -126 -63 -78 
60 -111 -63 -47 -47 

1678465532698653
36 -63 -174 -31 -31 
40 -318 -349 -126 -157 
44 -286 -269 -157 -252 
48 -127 -111 -142 -236 
52 -63 -79 -78 -205 
56 -63 -47 -63 -157 
60 -31 -47 -47 -110 

1678465532717142
36 -143 -190 -47 -78 
40 -461 -602 -205 -268 
44 -254 -491 -284 -347 
48 -350 -301 -205 -300 
52 -143 -206 -126 -252 
56 -47 -79 -47 -189 
60 -31 -63 -63 -126 
64 -31 -31 -63 -94 

1678465532971894
32 -143 -238 -63 -15 
36 -238 -285 -363 -63 
40 -334 -380 -331 -126 
44 -175 -206 -205 -142 
48 -79 -63 -126 -126 
52 -47 -79 -78 -110 

1678465534112293
36 -47 -238 -78 -15 
40 -430 -523 -473 -63 
44 -589 -301 -616 -157 
48 -430 -222 -410 -142 
52 -127 -158 -268 -94 
56 -111 -126 -142 -63 

1678465534555667
36 -79 -285 -47 -15 
40 -350 -761 -268 -157 
44 -493 -761 -300 -284 
48 -334 -428 -252 -300 
52 -159 -190 -142 -268 
56 -95 -190 -94 -221 
60 -63 -142 -47 -157 
64 -47 -79 -31 -126 
68 -31 -31 -15 -94 
776 +0 -380 -78 -63 
780 -63 -444 -173 -173 
784 -47 -364 -157 -189 
788 -31 -285 -94 -189 
792 -15 -126 -63 -126 
796 +0 -95 -31 -94 

1678465534831397
36 -47 -174 -15 -15 
40 -414 -460 -173 -31 
44 -222 -269 -252 -63 
48 -111 -158 -142 -94 
52 -63 -79 -94 -78 

1678465534894035
36 -63 -253 -15 -31 
40 -334 -587 -110 -126 
44 -334 -507 -142 -205 
48 -270 -253 -142 -189 
52 -79 -174 -63 -157 
56 -79 -79 -47 -110 

1678465535161019
36 -47 -269 -157 +0 
40 -302 -301 -410 +0 
44 -175 -190 -363 +0 
48 -79 -111 -205 +0 
52 -79 -47 -126 +0 
56 -63 -63 -110 +0 

1678465535567901
36 -63 -238 -126 +0 
40 -382 -317 -236 +0 
44 -350 -269 -142 +0 
48 -159 -222 -126 +0 
52 -127 -111 -110 +0 

1678465535616330
36 -95 -142 -31 -47 
40 -318 -428 -142 -173 
44 -207 -349 -142 -252 
48 -207 -253 -94 -268 
52 -207 -142 -63 -221 
56 -47 -79 -47 -189 
60 -15 -63 -31 -142 
64 -47 -15 -31 -110 
2044 +0 -95 +0 +0 

1678465536689270
40 -334 -428 -173 -47 
44 -334 -571 -394 -110 
48 -302 -253 -315 -110 
52 -127 -111 -142 -94 
60 -31 -95 -63 -47 

1678465537079899
40 -445 -555 -15 -63 
44 -1051 -809 -142 -252 
48 -716 -523 -205 -315 
52 -414 -349 -126 -236 
56 -222 -206 -31 -173 
60 -175 -126 -31 -142 
64 -47 -95 -47 -94 
68 -95 -31 -47 -63 
6432 +0 -95 +0 +0 

1678465537736904
36 -47 -206 -15 -15 
40 -573 -809 -489 -142 
44 -1210 -793 -947 -426 
48 -939 -618 -837 -505 
52 -414 -349 -537 -410 
56 -509 -190 -331 -268 
60 -302 -190 -205 -205 
64 -175 -142 -110 -157 
68 -111 -111 -63 -94 
72 -95 -111 -47 -78 

1678465539374394
36 -63 -269 +0 -15 
40 -700 -634 +0 -205 
44 -764 -587 +0 -300 
48 -461 -412 +0 -300 
52 -334 -222 +0 -268 
56 -191 -158 +0 -173 
60 -111 -47 +0 -110 
64 -175 -31 +0 -78 
68 -111 -15 +0 -47 

1678465539429414
36 -63 -142 +0 -47 
40 -414 -714 -110 -142 
44 -621 -840 -300 -142 
48 -477 -539 -252 -94 
52 -191 -222 -142 -63 
56 -95 -238 -94 -31 
60 -95 -126 -63 -31 

1678465539996907
36 -111 -238 -15 -31 
40 -557 -587 -157 -142 
44 -477 -555 -173 -284 
48 -111 -253 -221 -252 
52 -143 -126 -110 -189 
56 -95 -222 -31 -157 
60 -15 -63 -63 -94 

1678465540088898
40 -334 -476 -110 -94 
44 -302 -539 -331 -189 
48 -334 -253 -236 -173 
52 -318 -95 -157 -142 
56 -127 -95 -126 -94 

1678465540721035
36 -95 -31 +0 -15 
40 -318 -396 -78 -142 
44 -557 -396 -189 -347 
48 -477 -301 -189 -394 
52 -334 -174 -142 -331 
56 -79 -47 -94 -221 
60 -63 -95 -31 -142 
64 -47 -47 -15 -94 

1678465540732144
40 -382 -412 -110 -94 
44 -366 -507 -205 -157 
48 -111 -222 -94 -157 
52 -47 -63 -78 -142 
56 -111 -79 -31 -94 
64 -31 -95 -31 -63 
3952 +0 -111 +0 +0 

1678465541528638
36 -238 -222 -47 +0 
40 -334 -317 -157 -15 
44 -286 -253 -205 -78 
48 -238 -111 -126 -110 
52 -95 -95 -78 -94 
60 -31 -95 -47 -31 

1678465541634909
36 -270 -190 +0 -31 
40 -780 -349 -63 -94 
44 -764 -285 -142 -126 
48 -445 -174 -78 -110 
52 -238 -158 -47 -78 
56 -175 -79 -63 -63 

1678465542061887
36 -79 -111 -15 +0 
40 -334 -364 -157 -63 
44 -477 -222 -221 -126 
48 -159 -111 -142 -157 
52 -111 -126 -78 -126 
56 -95 -126 -31 -94 

1678465542585893
36 -111 -190 -15 -31 
40 -398 -840 -157 -173 
44 -382 -856 -300 -347 
48 -286 -523 -268 -394 
52 -191 -380 -126 -331 
56 -175 -190 -47 -284 
60 -47 -222 -47 -189 
64 -15 -126 -63 -142 
68 -15 -63 -31 -94 

1678465542857282
36 -207 -206 +0 -47 
40 -493 -380 -63 -189 
44 -334 -222 -78 -252 
48 -143 -174 -47 -221 
52 -79 -142 -31 -189 
56 -31 -95 -31 -126 
60 -15 -47 -15 -94 

1678465543306037
36 -254 -206 -189 +0 
40 -398 -317 -379 +0 
44 -302 -142 -236 +0 
48 -207 -63 -142 +0 
52 -143 -79 -78 +0 

1678465543531029
36 -111 -206 -15 -31 
40 -414 -618 -63 -142 
44 -605 -539 -126 -236 
48 -238 -317 -110 -236 
52 -111 -206 -63 -189 
56 -63 -95 -78 -126 

1678465543900529
40 -382 -476 -15 -252 
44 -509 -825 -110 -473 
48 -334 -523 -78 -378 
52 -191 -349 -63 -268 
56 -127 -253 -63 -205 
60 -47 -174 -15 -126 
64 -15 -126 -15 -78 

1678465544640900
36 -15 -142 -15 -15 
40 -366 -476 -110 -63 
44 -334 -333 -221 -157 
48 -222 -174 -142 -173 
52 -143 -142 -110 -173 
56 -111 -111 -78 -142 
60 -47 -47 -63 -94 

1678465545016028
40 -557 -602 -236 +0 
44 -1847 -920 -900 +0 
48 -2000 -650 -884 +0 
52 -1465 -333 -552 +0 
56 -780 -222 -379 +0 
60 -477 -142 -236 +0 
64 -334 -63 -157 +0 
68 -175 -15 -94 +0 
72 -111 -15 -47 +0 
76 -95 -31 -31 +0 

1678465545247901
36 -159 -142 -15 -63 
40 -987 -856 -63 -347 
44 -939 -856 -110 -568 
48 -286 -507 -126 -536 
52 -207 -349 -126 -426 
56 -254 -238 -63 -315 
60 -79 -158 -31 -189 
64 -31 -95 -15 -126 
68 -47 -79 -31 -94 

1678465545547902
40 -445 -476 +0 -63 
44 -1019 -587 -78 -205 
48 -876 -460 -94 -268 
52 -621 -222 -78 -205 
56 -318 -126 -31 -126 
60 -175 -47 -31 -94 
64 -111 -31 -31 -63 
68 -175 -79 -15 -47 
15412 +0 -95 +0 +0 

1678465545624554
36 -79 -142 -15 -31 
40 -318 -460 -110 -110 
44 -191 -238 -110 -157 
48 -286 -79 -63 -157 
52 -175 -95 -63 -110 

1678465545716907
40 -334 -602 +0 +0 
44 -1688 -1285 +0 -47 
48 -1895 -1205 +0 -126 
52 -1194 -1047 +0 -157 
56 -668 -650 +0 -110 
60 -509 -396 +0 -78 
64 -270 -206 +0 -47 
68 -143 -142 +0 -47 
72 -127 -126 +0 -31 

1678465546081907
40 -430 -301 -126 +0 
44 -1146 -571 -379 +0 
48 -1226 -269 -331 +0 
52 -541 -190 -189 +0 
56 -159 -158 -94 +0 
60 -143 -63 -63 +0 
64 -175 -31 -47 +0 
68 -111 -47 -47 +0 

1678465546609660
36 -31 -253 -31 -47 
40 -509 -777 -315 -252 
44 -716 -777 -521 -426 
48 -414 -460 -379 -426 
52 -461 -238 -252 -363 
56 -270 -142 -157 -284 
60 -79 -79 -78 -205 
64 -127 -15 -63 -142 
68 -47 +0 -31 -94 

1678465546787153
36 -79 -206 -15 -63 
40 -334 -825 -268 -189 
44 -477 -666 -268 -300 
48 -175 -206 -252 -300 
52 -111 -158 -157 -236 
56 -47 -126 -63 -157 
60 -31 -63 -47 -110 

1678465546840035
36 -127 -126 +0 -47 
40 -509 -491 -110 -157 
44 -430 -460 -205 -300 
48 -159 -222 -173 -315 
52 -111 -79 -78 -252 
56 -79 -63 -47 -157 
60 -47 -95 -31 -142 
64 -47 -47 -15 -94 

1678465546894730
40 -334 -476 -63 -78 
44 -477 -793 -189 -236 
48 -525 -618 -347 -252 
52 -286 -349 -205 -221 
56 -143 -190 -110 -173 
60 -111 -111 -63 -142 
64 -79 -47 -47 -94 

1678465547188894
36 -207 -269 -15 -78 
40 -366 -349 -15 -221 
44 -254 -269 -31 -268 
48 -111 -174 -47 -189 
52 -79 -126 -15 -126 

1678465547434910
36 -254 -95 -63 +0 
40 -716 -364 -142 +0 
44 -302 -285 -173 +0 
48 -95 -79 -142 +0 
52 -159 -79 -63 +0 
56 -95 -79 -31 +0 

1678465547988917
40 -302 -444 -110 -205 
44 -222 -349 -205 -331 
48 -79 -95 -189 -331 
52 -111 -63 -126 -252 
56 -63 -111 -63 -189 
60 +0 -47 -15 -142 
64 -31 -47 -15 -110 

1678465548042534
40 -350 -602 -94 -31 
44 -461 -872 -173 -94 
48 -637 -714 -173 -142 
52 -254 -364 -94 -142 
56 -111 -222 -47 -126 
60 -79 -190 -47 -78 
64 -15 -158 -31 -63 
14340 +0 -95 +0 +0 

1678465548712803
36 -270 -238 -15 -94 
40 -525 -523 -94 -284 
44 -557 -539 -236 -331 
48 -207 -333 -173 -284 
52 -95 -79 -110 -205 
56 -95 -79 -78 -157 
60 -63 -79 -31 -126 

1678465548891036
36 -95 -238 +0 -15 
40 -302 -428 +0 -47 
44 -238 -476 +0 -63 
48 -159 -253 +0 -110 
52 -191 -95 +0 -126 
56 -63 -47 +0 -94 
15852 +0 -95 +0 +0 

1678465549660026
36 -95 -79 +0 -15 
40 -350 -460 -142 -47 
44 -254 -491 -268 -110 
48 -191 -158 -189 -142 
52 -143 -158 -94 -110 
56 -111 -79 -47 -78 

1678465549976906
36 -31 -174 +0 -31 
40 -350 -507 -142 -126 
44 -382 -460 -205 -236 
48 -207 -253 -157 -252 
52 -63 -142 -78 -189 
56 -31 -111 -63 -142 
60 -95 -47 -47 -110 

1678465550287030
36 -79 -238 -47 -31 
40 -525 -571 -379 -142 
44 -573 -555 -426 -284 
48 -461 -238 -221 -284 
52 -254 -142 -126 -236 
56 -127 -142 -78 -236 
60 -63 -63 -63 -173 
64 -95 -31 -31 -110 

1678465550298154
36 -159 -142 +0 -31 
40 -302 -317 -15 -126 
44 -366 -285 +0 -252 
48 -222 -142 +0 -221 
52 -127 -79 +0 -173 
56 -47 -47 +0 -126 

1678465550458158
36 -222 -253 -63 -63 
40 -350 -396 -268 -173 
44 -302 -269 -221 -236 
48 -175 -158 -110 -205 
52 -63 -126 -94 -189 
56 -15 -95 -63 -157 
60 -31 -47 -47 -110 

1678465550567894
36 -15 -206 -15 +0 
40 -477 -428 -78 -63 
44 -414 -317 -110 -110 
48 -222 -126 -142 -126 
52 -159 -79 -63 -110 
56 -143 -63 -47 -78 

1678465550630045
36 -175 -253 -31 -31 
40 -445 -491 -189 -173 
44 -461 -444 -221 -284 
48 -191 -285 -142 -252 
52 -111 -111 -78 -173 
56 -95 -63 -31 -126 
60 -31 -31 +0 -94 

1678465551481903
36 -47 -190 -15 +0 
40 -350 -555 -221 +0 
44 -605 -602 -252 +0 
48 -318 -285 -205 +0 
52 -143 -253 -142 +0 
56 -79 -142 -78 +0 
60 -95 -79 -47 +0 
64 -95 -47 -31 +0 

1678465551643900
36 -159 -15 +0 -31 
40 -780 -380 -173 -126 
44 -748 -491 -268 -221 
48 -493 -285 -221 -236 
52 -222 -79 -173 -189 
56 -111 -79 -94 -142 
60 -95 -63 -63 -110 

1678465552021519
36 -47 -285 -47 -47 
40 -334 -714 -189 -205 
44 -493 -602 -221 -331 
48 -430 -253 -142 -363 
52 -191 -285 -94 -315 
56 -95 -111 -63 -252 
60 -79 -47 -47 -173 
64 -31 -47 -47 -110 

1678465552610658
36 -238 -47 +0 -15 
40 -318 -460 -15 -47 
44 -334 -412 -78 -78 
48 -191 -238 -63 -78 
52 -47 -158 -47 -47 

1678465552833032
40 -318 -555 -15 -63 
44 -844 -825 -31 -300 
48 -780 -587 -63 -536 
52 -605 -507 -78 -505 
56 -430 -301 -31 -394 
60 -270 -158 +0 -284 
64 -95 -47 -15 -221 
68 -47 -63 -15 -142 
72 -79 -15 -15 -110 

1678465553075906
36 -31 -174 -15 -47 
40 -302 -317 -94 -236 
44 -684 -349 -221 -410 
48 -286 -222 -221 -394 
52 -95 -79 -94 -315 
56 -222 -79 -63 -268 
60 -95 -31 -63 -189 
64 -31 +0 -31 -126 
68 -15 -31 +0 -94 
72 -15 -15 -15 -94 

1678465553198905
36 -207 -238 -47 -31 
40 -461 -444 -142 -94 
44 -334 -349 -173 -94 
48 -159 -126 -78 -78 
52 -191 -79 -47 -63 
56 -111 -47 -47 -47 

1678465553711523
36 -143 -285 -63 -15 
40 -541 -523 -173 -63 
44 -573 -396 -252 -78 
48 -350 -158 -157 -78 
52 -143 -174 -63 -78 
56 -79 -158 -110 -63 
60 -95 -63 -31 -31 

1678465553939908
36 -31 -238 +0 +0 
40 -334 -777 -110 -47 
44 -366 -840 -236 -94 
48 -222 -428 -221 -78 
52 -159 -317 -110 -63 
56 -95 -190 -63 -31 
60 -31 -111 -47 -31 
64 -31 -95 -15 -31 

1678465554217153
36 -207 -190 -15 -31 
40 -971 -825 -236 -173 
44 -1083 -952 -236 -394 
48 -573 -650 -189 -426 
52 -334 -333 -126 -378 
56 -270 -158 -63 -284 
60 -95 -126 -47 -189 
64 -159 -95 -31 -142 
68 -143 -47 -15 -78 

1678465554788901
36 -111 -222 -31 -47 
40 -461 -650 -142 -189 
44 -366 -698 -221 -268 
48 -254 -349 -142 -236 
52 -191 -126 -31 -157 
56 -143 -111 -47 -110 
60 -63 -95 -47 -78 

1678465554969461
40 -382 -714 -189 -63 
44 -971 -1015 -363 -205 
48 -764 -682 -347 -315 
52 -238 -428 -268 -284 
56 -238 -317 -142 -236 
60 -159 -126 -78 -173 
64 -159 -95 -47 -126 
68 -95 -111 -47 -94 

1678465555222899
36 -95 -174 -15 +0 
40 -318 -301 -126 -47 
44 -191 -190 -126 -94 
48 -254 -158 -63 -94 
52 -159 -126 -47 -78 

1678465556483647
36 -63 -158 -15 -31 
40 -398 -396 -126 -126 
44 -302 -317 -221 -252 
48 -127 -174 -157 -300 
52 -63 -79 -94 -236 
56 -47 -95 -78 -173 
60 -15 -63 -31 -126 

1678465557878032
36 -63 -285 -63 +0 
40 -334 -333 -142 -63 
44 -430 -190 -157 -110 
48 -159 -126 -63 -94 
52 -95 -79 -47 -63 
56 -95 -79 -31 -63 

1678465558623898
40 -318 -349 -15 -63 
44 -732 -523 -173 -173 
48 -493 -253 -142 -236 
52 -382 -222 -94 -205 
56 -159 -190 -63 -157 
60 -127 -111 -47 -126 
64 -47 -111 -31 -94 

1678465558823159
36 -127 -95 -15 -47 
40 -700 -396 -110 -189 
44 -541 -301 -157 -252 
48 -191 -174 -78 -236 
52 -270 -158 -47 -173 
56 -159 -47 -31 -142 
60 -79 -15 -15 -110 

1678465559158887
36 -127 -31 -15 -78 
40 -477 -317 -142 -473 
44 -382 -460 -221 -694 
48 -207 -206 -173 -568 
52 -127 -158 -94 -378 
56 -79 -79 -63 -252 
60 -79 -47 -47 -189 
64 -47 -31 -15 -142 
68 -15 -15 -15 -94 

1678465559610031
36 -63 -158 -15 -15 
40 -414 -444 -142 -94 
44 -334 -269 -157 -189 
48 -127 -222 -142 -173 
52 -95 -79 -78 -126 
56 -79 -15 -15 -94 

1678465559763908
40 -366 -460 -205 -142 
44 -430 -476 -315 -315 
48 -334 -238 -236 -347 
52 -175 -142 -157 -252 
56 -143 -126 -94 -173 
60 -79 -47 -31 -110 

1678465559831057
40 -398 -396 -142 -94 
44 -653 -460 -331 -300 
48 -318 -269 -268 -394 
52 -111 -238 -157 -378 
56 -111 -158 -126 -268 
60 -127 -95 -94 -205 
64 -31 -63 -47 -142 
68 +0 -47 -31 -94 

1678465560336280
36 -63 -111 -31 -15 
40 -414 -301 -347 -94 
44 -557 -190 -379 -142 
48 -414 -142 -300 -142 
52 -254 -142 -205 -110 
56 -159 -111 -110 -94 

1678465560409159
40 -509 -333 -47 -110 
44 -621 -491 -157 -331 
48 -477 -301 -221 -363 
52 -175 -158 -142 -252 
56 -111 -111 -110 -157 
60 -95 -47 -63 -142 

1678465560675164
36 -127 -190 -31 -15 
40 -637 -380 -173 -78 
44 -430 -238 -189 -126 
48 -207 -126 -110 -110 
52 -143 -47 -78 -94 
56 -95 -31 -78 -78 
60 -127 -15 -31 -47 
14556 +0 -95 +0 +0 
15484 +0 -95 +0 +0 

1678465560732293
36 -63 -269 +0 -31 
40 -350 -380 +0 -110 
44 -207 -222 +0 -157 
48 -143 -111 +0 -126 
52 -95 -47 +0 -110 
56 -15 -31 +0 -94 

1678465561171895
36 -111 -158 +0 -15 
40 -477 -618 +0 -78 
44 -573 -698 +0 -173 
48 -175 -349 +0 -205 
52 -159 -317 +0 -205 
56 -127 -190 +0 -205 
60 -47 -95 +0 -142 
64 -95 -63 +0 -78 

1678465561439408
36 -127 -222 -31 -15 
40 -430 -333 -157 -63 
44 -286 -142 -173 -94 
48 -127 -174 -63 -78 
52 -95 -126 -31 -63 

1678465561500041
40 -302 -539 -189 -94 
44 -366 -634 -315 -331 
48 -445 -301 -236 -347 
52 -191 -111 -94 -268 
56 -111 -95 -63 -205 
60 -95 -79 -47 -173 
64 -31 -31 -15 -142 
68 -15 -63 -15 -110 

1678465561943027
36 -31 -126 -15 -15 
40 -302 -571 -157 -78 
44 -477 -507 -347 -205 
48 -207 -222 -268 -221 
52 -127 -126 -189 -157 
56 -63 -126 -110 -126 
60 -63 -95 -94 -94 

1678465562557398
36 -63 -158 +0 -15 
40 -302 -587 -63 -126 
44 -302 -571 -126 -173 
48 -127 -301 -110 -157 
52 -95 -142 -94 -126 
56 -63 -79 -78 -94 

1678465562886654
36 -31 -222 -15 -31 
40 -334 -682 -126 -173 
44 -461 -729 -221 -331 
48 -238 -555 -142 -347 
52 -238 -317 -126 -284 
56 -143 -269 -78 -205 
60 -31 -142 -47 -157 
64 -15 -47 -31 -126 
68 -15 -47 -15 -94 

1678465563092910
36 -95 -111 -15 -15 
40 -414 -555 -78 -78 
44 -700 -650 -142 -205 
48 -414 -349 -110 -236 
52 -270 -238 -63 -205 
56 -175 -206 -47 -142 
60 -63 -79 -31 -94 
68 -95 -47 +0 -47 
72 -95 -63 -15 -31 

1678465563248032
36 -111 -222 -31 -15 
40 -318 -380 -157 -47 
44 -286 -301 -142 -110 
48 -127 -142 -110 -110 
52 -95 -142 -63 -78 
13096 +0 -95 +0 +0 

1678465563826404
40 -445 -444 -189 -15 
44 -414 -555 -331 -63 
48 -254 -253 -331 -110 
52 -207 -190 -236 -110 
56 -95 -174 -110 -78 

1678465563975018
36 -79 -126 -31 -31 
40 -653 -349 -363 -110 
44 -748 -301 -584 -189 
48 -350 -142 -363 -205 
52 -222 -63 -189 -189 
56 -159 -47 -205 -126 
60 -95 +0 -94 -78 
64 -111 +0 -63 -47 
14080 +0 -95 +0 +0 

1678465564095895
36 -286 -126 +0 -142 
40 -445 -349 +0 -394 
44 -318 -238 +0 -442 
48 -111 -111 +0 -315 
52 -79 -95 +0 -221 
56 -47 -79 +0 -142 
60 -47 -63 +0 -94 
8164 +0 -95 +0 +0 

1678465564278016
36 -207 -190 -142 -63 
40 -350 -301 -252 -189 
44 -270 -301 -173 -221 
48 -302 -142 -142 -189 
52 -159 -111 -63 -142 
56 -95 -31 -31 -110 

1678465564338026
36 -111 -158 -31 -15 
40 -589 -539 -379 -47 
44 -1051 -476 -363 -78 
48 -493 -301 -205 -94 
52 -302 -206 -157 -78 
56 -286 -63 -78 -47 
60 -143 -31 -63 -31 

1678465564727030
36 -127 -285 -189 -78 
40 -302 -364 -410 -205 
44 -318 -111 -268 -221 
48 -159 -47 -126 -189 
52 -79 -31 -110 -142 
56 -47 +0 -63 -94 

1678465565135043
36 -15 -111 +0 +0 
40 -334 -507 -157 -47 
44 -796 -650 -331 -142 
48 -589 -523 -205 -189 
52 -254 -364 -110 -157 
56 -207 -222 -78 -110 
60 -95 -95 -47 -78 
64 -111 -31 -15 -47 
68 -95 -15 -15 -31 

1678465565500658
36 -95 -63 +0 -15 
40 -637 -539 -110 -94 
44 -382 -555 -252 -236 
48 -222 -238 -221 -268 
52 -143 -158 -126 -189 
56 -79 -111 -110 -126 
60 -47 -63 -47 -94 

1678465565710768
36 -47 -174 +0 -15 
40 -334 -428 -47 -78 
44 -318 -491 -63 -189 
48 -270 -253 -78 -221 
52 -143 -190 -63 -189 
56 -95 -142 -15 -126 
60 -63 -79 -15 -110 

1678465566114893
36 -79 -126 -47 -31 
40 -382 -364 -126 -142 
44 -270 -206 -205 -189 
48 -254 -111 -110 -157 
52 -159 -111 -63 -110 
56 -63 -111 -31 -94 

1678465566197061
36 -191 -174 -15 -63 
40 -637 -555 -110 -284 
44 -414 -587 -189 -426 
48 -159 -333 -173 -363 
52 -95 -190 -94 -268 
56 -63 -158 -47 -173 
60 -63 -95 -31 -126 
64 -47 -31 -47 -110 

1678465566346903
36 -79 -238 -31 -31 
40 -334 -428 -157 -173 
44 -430 -460 -221 -284 
48 -302 -253 -142 -236 
52 -207 -206 -94 -189 
56 -127 -142 -63 -142 
60 -63 -95 -31 -110 

1678465566590273
36 -47 -174 -31 -189 
40 -366 -507 -268 -663 
44 -509 -428 -331 -742 
48 -334 -206 -236 -552 
52 -111 -142 -142 -394 
56 -95 -63 -94 -284 
60 -111 -47 -63 -221 
64 -31 -63 -31 -157 
68 -15 -31 -31 -94 

1678465568032169
36 -159 -111 +0 -31 
40 -684 -301 -126 -142 
44 -493 -269 -189 -236 
48 -254 -158 -110 -189 
52 -95 -47 -78 -157 
56 -31 -79 -47 -126 
60 -47 -111 -31 -94 

1678465568267024
36 -47 -190 -31 -31 
40 -334 -412 -94 -142 
44 -334 -491 -126 -205 
48 -159 -301 -110 -205 
52 -111 -142 -110 -157 
56 -47 -95 -63 -110 

1678465568457035
36 -127 -174 -78 -15 
40 -302 -317 -173 -78 
44 -238 -206 -142 -126 
48 -95 -126 -63 -94 
52 -95 -142 -31 -78 

1678465568508554
36 -159 -63 -15 -63 
40 -398 -428 -157 -284 
44 -366 -539 -252 -394 
48 -222 -238 -142 -347 
52 -143 -111 -126 -236 
56 -143 -142 -63 -173 
60 -47 -31 -31 -110 

1678465569307404
36 -143 -269 -94 -31 
40 -302 -301 -205 -126 
44 -207 -190 -173 -126 
48 -47 -95 -142 -94 
52 -15 -79 -94 -78 
6960 -15 -111 +0 -47 
6964 -79 -174 +0 -78 
6968 -127 -79 +0 -94 
6972 -31 -111 +0 -94 

1678465569379898
36 -191 -269 -94 -31 
40 -382 -460 -142 -110 
44 -286 -349 -173 -110 
48 -207 -95 -110 -78 
52 -111 -31 -63 -78 

1678465569432536
40 -302 -666 -173 -157 
44 -557 -682 -363 -426 
48 -382 -412 -300 -505 
52 -127 -317 -189 -394 
56 -79 -174 -110 -268 
60 -159 -111 -94 -157 
64 -47 -79 -63 -110 

1678465569886035
36 -31 -142 +0 +0 
40 -493 -444 +0 -47 
44 -430 -412 +0 -94 
48 -270 -174 +0 -63 
52 -175 -158 +0 -63 
56 -127 -63 +0 -47 

1678465569999920
36 -127 -142 +0 -31 
40 -350 -301 -31 -142 
44 -445 -364 -31 -205 
48 -191 -142 -31 -142 
52 -79 -79 -15 -94 
56 -111 -63 +0 -78 
60 -95 -63 +0 -63 
64 -111 -63 +0 -31 

1678465570355404
36 -47 -95 -15 +0 
40 -318 -523 -126 -78 
44 -637 -698 -315 -205 
48 -445 -317 -221 -205 
52 -175 -174 -142 -126 
56 -127 -126 -126 -126 
60 -95 -63 -94 -94 

1678465570386267
36 -222 -174 -47 -78 
40 -382 -571 -142 -205 
44 -350 -412 -157 -268 
48 -222 -222 -173 -205 
52 -127 -158 -78 -157 
56 -63 -47 -31 -126 

1678465570786039
36 -143 -269 -63 -15 
40 -366 -428 -268 -47 
44 -254 -253 -173 -94 
48 -159 -126 -94 -94 
52 -111 -79 -63 -78 
60 -95 -63 -47 -63 

1678465570861044
40 -318 -428 -15 -31 
44 -1019 -698 -205 -126 
48 -923 -539 -315 -173 
52 -573 -269 -300 -189 
56 -334 -174 -157 -126 
60 -318 -142 -63 -94 
64 -207 -79 -47 -47 

1678465571018164
36 -63 -126 -15 -15 
40 -382 -301 -284 -94 
44 -382 -301 -347 -142 
48 -175 -238 -189 -126 
52 -63 -95 -142 -110 
56 -31 -47 -94 -78 
6972 +0 -111 +0 +0 

1678465571452028
40 -414 -301 -110 -47 
44 -668 -333 -189 -110 
48 -430 -285 -142 -110 
52 -238 -174 -94 -94 
56 -191 -126 -78 -63 
60 -95 -79 -31 -47 

1678465571586040
36 -15 -111 +0 -15 
40 -302 -460 -94 -126 
44 -175 -333 -157 -173 
48 -127 -142 -110 -157 
52 -127 -111 -63 -142 
56 -79 -95 -63 -94 

1678465571805898
36 -111 -158 -15 -31 
40 -382 -396 -173 -157 
44 -366 -238 -252 -205 
48 -143 -126 -189 -157 
52 -111 -95 -94 -110 
56 -127 -95 -63 -78 
1976 +0 -95 +0 +0 

1678465572096029
36 -15 -158 +0 +0 
40 -350 -714 +0 +0 
44 -684 -555 +0 +0 
48 -589 -269 +0 +0 
52 -334 -142 +0 +0 
56 -143 -47 +0 +0 
60 -111 -79 -15 +0 

1678465572370036
36 -127 -63 -15 -15 
40 -445 -444 -78 -63 
44 -493 -412 -236 -126 
48 -302 -269 -173 -94 
52 -143 -142 -126 -63 
56 -79 -111 -63 -47 
60 -63 -95 -47 -31 
12288 +0 -95 +0 +0 

1678465572491899
36 -63 -111 +0 +0 
40 -493 -714 -94 -47 
44 -716 -888 -394 -126 
48 -493 -714 -300 -205 
52 -382 -380 -173 -189 
56 -191 -253 -110 -142 
60 -79 -158 -78 -94 
64 -63 -111 -63 -63 
68 -31 -111 -31 -47 

1678465572965406
36 -63 -95 -31 -31 
40 -302 -729 -236 -157 
44 -557 -809 -426 -410 
48 -445 -491 -331 -442 
52 -270 -285 -110 -331 
56 -143 -158 -78 -236 
60 -47 -95 -94 -157 
64 -95 -63 -47 -126 
68 -47 -63 -15 -110 

1678465573016071
36 -111 -222 +0 -31 
40 -461 -523 -157 -189 
44 -445 -396 -189 -315 
48 -238 -285 -173 -300 
52 -143 -238 -94 -205 
56 -63 -79 -47 -157 
60 -63 -79 -31 -110 

1678465573639034
36 +0 -142 -31 -15 
40 -318 -634 -221 -205 
44 -334 -587 -331 -363 
48 -207 -222 -284 -347 
52 -143 -190 -157 -284 
56 -47 -63 -94 -221 
60 -63 -31 -63 -126 

1678465574306403
36 -159 -63 -126 -15 
40 -350 -301 -252 -47 
44 -222 -333 -157 -78 
48 -175 -142 -94 -110 
52 -127 -47 -63 -78 
1284 +0 +0 +0 -126 
1288 +0 -15 +0 -94 
11996 +0 -95 +0 +0 

1678465575023925
36 -175 -142 -347 +0 
40 -382 -460 -947 +0 
44 -461 -460 -773 +0 
48 -191 -206 -442 +0 
52 -238 -142 -363 +0 
56 -111 -95 -236 +0 
60 -47 -31 -94 +0 
64 -15 -31 -126 +0 

1678465575126920
36 -95 -190 -31 -31 
40 -398 -460 -110 -110 
44 -254 -349 -126 -142 
48 -222 -126 -142 -157 
52 -159 -47 -78 -157 
56 -47 -111 -31 -110 
1156 +0 -111 +0 +0 

1678465575526033
36 -95 -174 -31 -31 
40 -445 -412 -252 -78 
44 -477 -253 -221 -126 
48 -302 -142 -142 -142 
52 -222 -95 -78 -110 
56 -63 -47 -78 -94 
1484 +0 -95 +0 +0 

1678465575551647
36 -111 -142 -15 -31 
40 -366 -428 -142 -47 
44 -286 -317 -126 -94 
48 -175 -174 -78 -110 
52 -111 -142 -63 -94 

1678465575899899
36 -111 -158 -31 -15 
40 -302 -714 -189 -63 
44 -414 -571 -205 -110 
48 -238 -238 -157 -157 
52 -191 -222 -78 -110 
56 -95 -111 -47 -78 
64 -95 -31 -15 -47 

1678465575917393
36 -31 -142 -15 -15 
40 -414 -745 -126 -110 
44 -477 -666 -189 -221 
48 -207 -333 -142 -205 
52 -95 -206 -78 -157 
56 -63 -126 -94 -126 
60 -15 -126 -47 -94 

1678465575965674
36 -79 -95 -15 -31 
40 -318 -428 -142 -63 
44 -382 -380 -236 -94 
48 -238 -222 -126 -94 
52 -143 -126 -78 -110 
56 -47 -95 -47 -78 

1678465576283907
36 -127 -285 -15 -15 
40 -748 -539 -284 -94 
44 -732 -634 -410 -205 
48 -461 -460 -315 -252 
52 -207 -238 -205 -252 
56 -175 -158 -126 -189 
60 -79 -95 -78 -126 
68 -95 -63 -31 -47 
13860 +0 -111 +0 +0 

1678465576396898
36 -47 -79 -94 -15 
40 -461 -317 -347 -94 
44 -477 -285 -442 -126 
48 -366 -190 -315 -126 
52 -159 -190 -189 -94 
56 -159 -79 -126 -78 
60 -127 -31 -63 -63 

1678465576629029
36 -159 -206 -15 -63 
40 -430 -364 -173 -126 
44 -270 -317 -173 -173 
48 -238 -190 -110 -142 
52 -79 -95 -110 -94 

1678465576767906
36 -238 -95 -15 -126 
40 -509 -364 -126 -363 
44 -350 -428 -126 -410 
48 -238 -158 -78 -315 
52 -207 -111 -63 -236 
56 -143 -63 -31 -173 
60 -47 -15 -15 -126 

1678465576939156
36 -15 -95 +0 -15 
40 -302 -333 -110 -110 
44 -414 -539 -410 -268 
48 -350 -444 -442 -268 
52 -207 -253 -284 -205 
56 -143 -95 -126 -157 
60 -95 -47 -94 -126 

1678465577088781
40 -302 -476 -78 -47 
44 -398 -745 -268 -173 
48 -334 -587 -300 -252 
52 -207 -253 -173 -236 
56 -127 -126 -110 -205 
60 -207 -95 -63 -157 
64 -95 -31 -47 -110 

1678465577746277
36 -47 -142 -110 -15 
40 -350 -666 -379 -94 
44 -286 -491 -379 -173 
48 -286 -253 -173 -189 
52 -127 -206 -94 -173 
56 -15 -142 -94 -142 
60 -15 -63 -47 -110 

1678465577895406
36 -159 -79 +0 -15 
40 -1178 -809 -205 -173 
44 -1672 -1031 -331 -505 
48 -1051 -825 -379 -536 
52 -525 -491 -236 -394 
56 -334 -285 -142 -284 
60 -207 -206 -94 -205 
64 -79 -111 -78 -126 
68 -159 -142 -63 -94 
72 -95 -95 -31 -63 

1678465578006282
40 -334 -714 -221 -63 
44 -668 -904 -679 -205 
48 -334 -729 -521 -252 
52 -191 -428 -347 -221 
56 -143 -285 -252 -189 
60 -143 -142 -142 -142 
64 -63 -95 -63 -110 
76 -15 -126 -15 -31 
4980 +0 -95 +0 +0 

1678465579159900
36 -111 -126 -15 -31 
40 -366 -380 -173 -205 
44 -716 -507 -189 -378 
48 -477 -317 -173 -347 
52 -222 -111 -126 -221 
56 -207 -63 -78 -157 
60 -95 -47 -31 -110 

1678465579222038
36 -143 -285 -15 -31 
40 -302 -380 -94 -205 
44 -334 -238 -142 -284 
48 -191 -206 -94 -221 
52 -79 -142 -31 -142 
56 -79 -63 -31 -94 

1678465579438406
36 -79 -190 -15 -15 
40 -350 -476 -173 -47 
44 -334 -317 -268 -47 
48 -238 -142 -173 -63 
52 -63 -95 -110 -63 
56 -47 -111 -47 -47 
64 -127 -47 -31 -15 

1678465579462033
36 -111 -253 -15 -15 
40 -318 -491 -236 -78 
44 -430 -396 -252 -157 
48 -286 -238 -110 -157 
52 -111 -174 -110 -110 
56 -63 -111 -63 -94 

1678465579548023
36 -143 -142 -94 -31 
40 -366 -349 -221 -94 
44 -302 -238 -205 -142 
48 -127 -95 -94 -142 
52 -79 -79 -63 -110 
56 -95 -63 -47 -78 

1678465579698031
40 -493 -317 -126 -110 
44 -382 -364 -205 -189 
48 -143 -206 -157 -205 
52 -175 -63 -63 -126 
56 -127 -47 -31 -94 

1678465579746329
36 -63 -142 +0 -15 
40 -525 -539 -110 -126 
44 -398 -587 -157 -236 
48 -207 -238 -142 -221 
52 -175 -79 -63 -173 
56 -111 -79 -63 -142 
60 -47 -15 -31 -94 

1678465581185896
36 -31 -174 -15 -31 
40 -334 -491 -268 -126 
44 -302 -491 -300 -205 
48 -302 -238 -221 -205 
52 -143 -95 -142 -142 
56 -47 -63 -78 -94 

1678465581463035
36 -47 -158 +0 +0 
40 -318 -523 -126 +0 
44 -525 -587 -268 +0 
48 -286 -428 -173 +0 
52 -127 -158 -110 +0 
56 -111 -111 -78 +0 
2232 +0 -95 +0 +0 
7640 -95 +0 +0 +0 
7644 -127 +0 +0 +0 
7652 -238 -15 +0 +0 
7656 -605 +0 +0 +0 
7660 -1274 +0 +0 +0 
7664 -1545 -15 +0 +0 
7668 -1146 -15 +0 +0 
7672 -557 -15 +0 +0 
7676 -159 -31 +0 +0 

1678465581566158
40 -414 -364 -126 -15 
44 -1210 -936 -505 -78 
48 -1083 -872 -631 -221 
52 -668 -666 -473 -300 
56 -318 -364 -221 -268 
60 -222 -206 -126 -189 
64 -159 -222 -110 -142 
68 -175 -47 -63 -110 
72 -111 -31 -31 -78 

1678465581645021
36 -143 -238 +0 -31 
40 -461 -476 +0 -78 
44 -334 -269 +0 -110 
48 -95 -126 +0 -126 
52 -79 -126 -15 -126 
56 -63 -126 +0 -94 

1678465582146290
40 -302 -396 -31 -110 
44 -541 -476 -205 -284 
48 -318 -364 -173 -363 
52 -191 -190 -126 -300 
56 -111 -63 -94 -252 
60 -79 -95 -47 -173 
64 -15 -31 -15 -110 

1678465582562281
36 -31 -142 +0 +0 
40 -318 -999 -173 +0 
44 -700 -1094 -252 +0 
48 -493 -793 -268 +0 
52 -111 -476 -173 +0 
56 -47 -380 -78 +0 
60 -127 -206 -63 +0 
64 -31 -95 -47 +0 
68 -15 -111 -15 +0 
72 +0 -126 -15 +0 

1678465583044907
36 -111 -158 -15 -15 
40 -477 -412 -63 -63 
44 -398 -349 -94 -126 
48 -318 -301 -63 -142 
52 -191 -158 -94 -110 
60 -111 -31 -15 -63 

1678465583121274
36 -175 -126 -15 +0 
40 -748 -666 -110 -31 
44 -653 -682 -221 -47 
48 -286 -428 -205 -47 
52 -111 -238 -157 -47 
56 -111 -158 -94 -31 
14184 +0 -95 +0 +0 

1678465583481281
36 -175 -238 -78 -15 
40 -1051 -460 -379 -63 
44 -955 -238 -394 -94 
48 -414 -126 -252 -94 
52 -366 -126 -173 -63 
56 -175 -47 -94 -47 
76 -111 -31 -15 +0 

1678465583952163
36 -47 -190 -63 -394 
40 -350 -571 -315 -694 
44 -414 -412 -363 -663 
48 -254 -190 -315 -521 
52 -111 -95 -173 -347 
56 -159 -79 -94 -205 
60 -79 -31 -63 -126 

1678465584316893
36 -47 -111 -31 -15 
40 -382 -460 -236 -142 
44 -366 -333 -268 -284 
48 -159 -142 -157 -300 
52 -79 -95 -94 -236 
56 -63 -63 -94 -157 
60 -47 -15 -47 -110 

1678465584834020
40 -350 -317 -110 -78 
44 -525 -317 -173 -189 
48 -191 -174 -142 -205 
52 -63 -95 -126 -157 
56 -159 -63 -110 -110 
60 -79 -31 -47 -94 

1678465585093899
36 -111 -126 -15 -47 
40 -382 -364 -94 -142 
44 -254 -317 -205 -173 
48 -238 -174 -94 -157 
52 -95 -95 -94 -126 
56 -31 -95 -47 -94 

1678465585239055
36 -15 -222 -15 -15 
40 -398 -412 -142 -78 
44 -254 -317 -221 -126 
48 -95 -126 -157 -126 
52 -127 -79 -94 -94 

1678465585399907
36 -159 -222 -110 -31 
40 -493 -587 -363 -110 
44 -430 -444 -426 -173 
48 -159 -269 -252 -173 
52 -47 -126 -157 -126 
56 -127 -47 -157 -94 

1678465586454037
36 -15 -95 +0 -15 
40 -350 -460 -126 -126 
44 -557 -602 -284 -252 
48 -318 -349 -173 -268 
52 -191 -222 -110 -236 
56 -143 -142 -110 -189 
60 -63 -79 -47 -142 
64 -63 -47 -31 -94 

1678465587100908
36 -191 -238 +0 -94 
40 -653 -476 -173 -347 
44 -525 -428 -205 -410 
48 -222 -317 -110 -300 
52 -63 -126 -63 -221 
56 -31 -63 -47 -157 
60 -63 -31 -15 -110 

1678465587152925
40 -445 -364 -94 -94 
44 -748 -491 -252 -347 
48 -525 -364 -221 -394 
52 -238 -174 -94 -315 
56 -191 -63 -63 -205 
60 -143 -63 -47 -157 
64 -63 -111 -31 -94 
72 -95 -15 -15 -47 

1678465587441655
36 -207 -174 -110 -31 
40 -350 -349 -379 -110 
44 -286 -253 -394 -173 
48 -270 -111 -189 -157 
52 -143 -47 -157 -126 
56 -63 -47 -110 -94 

1678465587731395
40 -302 -317 -78 -31 
44 -509 -333 -142 -110 
48 -302 -174 -126 -142 
52 -159 -142 -47 -94 
56 -159 -63 -31 -63 

1678465587965158
36 -111 -126 -15 -47 
40 -398 -396 -110 -157 
44 -382 -301 -142 -221 
48 -191 -142 -110 -189 
52 -127 -95 -63 -126 
56 -47 -111 -47 -78 

1678465588200779
36 -31 -126 -31 +0 
40 -493 -349 -126 -15 
44 -477 -396 -157 -31 
48 -222 -222 -78 -47 
52 -143 -111 -63 -47 
56 -175 -95 -63 -31 

1678465589294781
36 -31 -126 -15 -15 
40 -398 -1110 -173 -94 
44 -557 -1316 -489 -315 
48 -477 -999 -379 -394 
52 -191 -491 -236 -300 
56 -31 -349 -110 -268 
60 -95 -174 -110 -205 
64 -47 -95 -78 -157 
68 -15 -63 -31 -110 

1678465590115284
36 -47 -190 +0 -15 
40 -557 -555 -47 -126 
44 -605 -491 -78 -252 
48 -270 -269 -63 -300 
52 -222 -222 -15 -268 
56 -175 -95 -31 -173 
60 -95 -79 -15 -126 

1678465590208777
32 -47 -111 -47 +0 
36 -238 -285 -142 -31 
40 -382 -301 -189 -63 
44 -159 -190 -126 -78 
48 -191 -79 -47 -63 
52 -159 -95 -31 -47 
56 -111 -47 -31 -31 

1678465590383906
36 -222 -158 -15 -15 
40 -589 -587 -94 -31 
44 -461 -476 -126 -63 
48 -207 -285 -94 -47 
52 -191 -142 -63 -31 
56 -143 -111 -15 -31 
60 -111 -47 -31 -15 

1678465590655029
36 -143 -238 -47 -110 
40 -525 -793 -189 -347 
44 -430 -571 -142 -457 
48 -254 -253 -142 -394 
52 -111 -111 -110 -315 
56 -79 -95 -63 -252 
60 -31 -63 -47 -173 
64 +0 -47 -63 -94 

1678465590815897
36 -111 -206 -15 -63 
40 -445 -571 -157 -252 
44 -589 -476 -268 -410 
48 -286 -333 -268 -394 
52 -127 -190 -110 -300 
56 -159 -95 -78 -221 
60 -79 -79 -63 -173 
64 -63 -63 -31 -126 
68 -47 -31 -31 -94 

1678465590942907
36 -31 -111 -15 -15 
40 -334 -412 -157 -78 
44 -493 -349 -300 -142 
48 -318 -190 -252 -142 
52 -143 -142 -157 -126 
56 -79 -111 -78 -110 

1678465591191287
36 -79 -269 -78 -31 
40 -398 -396 -268 -126 
44 -318 -364 -300 -157 
48 -143 -238 -157 -157 
52 -111 -142 -110 -126 
56 -47 -63 -78 -94 

1678465591692155
36 -159 -206 -47 -15 
40 -366 -396 -221 -63 
44 -270 -285 -221 -94 
48 -143 -190 -126 -110 
52 -79 -79 -94 -78 

1678465592192783
40 -445 -491 -63 -15 
44 -605 -745 -331 -63 
48 -382 -380 -284 -94 
52 -207 -222 -236 -94 
56 -175 -174 -126 -78 
72 +0 -95 +0 -31 

1678465593015919
36 -47 -142 -47 -15 
40 -350 -364 -189 -78 
44 -366 -317 -236 -142 
48 -159 -206 -157 -142 
52 -79 -158 -47 -94 
56 -95 -95 -31 -63 
