
1678366769989956
40 -366 -158 -205 -173 
44 -414 -333 -426 -252 
48 -445 -158 -284 -110 
52 -366 -158 -142 -94 
56 -222 -126 -110 -63 
60 -111 -47 -47 -47 
64 -95 -31 -63 -15 

1678366770103289
40 -286 +0 +0 +0 
44 -254 +0 +0 +0 
48 -111 +0 +0 +0 

1678366770156660
36 -159 +0 +0 +0 
40 -222 +0 +0 +0 
44 -127 +0 +0 +0 
48 -111 +0 +0 +0 

1678366770181141
40 -461 -31 +0 +0 
44 -509 -222 +0 +0 
48 -461 -206 -15 +0 
52 -207 -63 +0 +0 
56 -111 -63 +0 +0 
60 -127 -79 +0 +0 

1678366770210739
40 -286 +0 +0 +0 
44 -302 +0 +0 +0 
48 -207 +0 +0 +0 
52 -111 +0 +0 +0 
60 -79 +0 +0 +0 

1678366770230639
36 -15 -31 -78 +0 
40 -493 -158 -410 -94 
44 -398 -349 -584 -268 
48 -238 -269 -331 -173 
52 -207 -63 -157 -47 
56 -95 -63 -78 -31 

1678366770240385
40 -939 -190 -505 -331 
44 -1417 -523 -742 -584 
48 -621 -555 -473 -378 
52 -238 -317 -284 -173 
56 -334 -174 -221 -78 
60 -207 -95 -94 -94 
64 -127 -47 -63 -63 

1678366770268913
36 -127 +0 +0 +0 
40 -270 -15 +0 +0 
44 -270 -15 +0 +0 
48 -127 +0 +0 +0 

1678366770397037
40 -286 +0 -15 +0 
44 -1226 +0 +0 +0 
48 -1194 +0 +0 +0 
52 -748 +0 -15 +0 
56 -477 +0 +0 +0 
60 -254 +0 +0 +0 
64 -238 +0 +0 +0 
68 -111 +0 +0 +0 
72 -111 +0 +0 +0 
76 -79 +0 +0 +0 

1678366770427899
36 -191 -285 -110 -78 
40 -350 -238 -142 -157 
44 -222 -142 -110 -142 
48 -175 -158 -110 -47 
52 -95 -158 -78 -15 
56 -79 -79 -31 -31 

1678366770457786
36 -95 +0 +0 +0 
40 -414 +0 -31 +0 
44 -382 +0 -31 +0 
48 -222 +0 -15 +0 
52 -159 +0 -15 +0 
56 -79 +0 +0 +0 

1678366770500047
40 -254 -95 -379 -126 
44 -350 -269 -300 -142 
48 -207 -222 -205 -189 
52 -191 -95 -142 -94 
56 -143 -79 -63 -47 
60 -111 -31 -31 -47 

1678366770533387
36 -191 +0 -15 +0 
40 -876 +0 +0 +0 
44 -605 +0 +0 +0 
48 -207 +0 +0 +0 
52 -143 +0 -15 +0 
56 -79 +0 -31 +0 

1678366770565295
36 -175 +0 +0 +0 
40 -334 +0 -31 +0 
44 -286 +0 -15 +0 
48 -79 +0 -15 +0 

1678366770615670
40 -350 -317 -284 -126 
44 -541 -428 -568 -347 
48 -414 -238 -315 -221 
52 -222 -111 -157 -110 
56 -111 -222 -142 -78 
60 -111 -142 -63 -47 

1678366770637880
36 -191 +0 +0 +0 
40 -207 +0 +0 +0 
44 -175 +0 +0 +0 

1678366770663339
40 -222 +0 +0 +0 
44 -127 +0 -15 +0 
1096 +0 +0 -78 +0 

1678366770679464
36 -95 +0 +0 +0 
40 -414 +0 +0 +0 
44 -318 +0 +0 -15 
48 -286 +0 +0 +0 
52 -175 +0 +0 +0 
56 -127 +0 +0 +0 
60 -111 +0 +0 +0 

1678366770714791
36 -127 +0 +0 +0 
40 -477 +0 +0 +0 
44 -493 +0 +0 +0 
48 -175 +0 +0 +0 
52 -175 +0 +0 +0 

1678366770742411
40 -254 +0 +0 +0 
44 -286 +0 +0 +0 

1678366770786772
32 -127 +0 -15 +0 
36 -175 +0 -15 +0 
40 -207 +0 +0 +0 

1678366770805524
36 -95 +0 +0 +0 
40 -286 +0 -31 +0 
44 -143 +0 -15 +0 
52 -95 +0 +0 +0 

1678366770835441
36 -79 +0 +0 +0 
40 -923 -126 +0 +0 
44 -1274 -380 -15 +0 
48 -668 -158 -15 +0 
52 -302 -63 +0 +0 
56 -207 -47 +0 +0 
60 -143 -31 +0 +0 

1678366770890908
40 -414 -158 -252 -78 
44 -270 -285 -189 -126 
48 -238 -238 -63 -15 
52 -127 -111 -63 -47 

1678366770924043
36 -111 +0 -15 +0 
40 -207 +0 +0 +0 
44 -111 +0 +0 +0 
48 -111 +0 +0 +0 
52 -95 +0 +0 +0 

1678366770958663
36 -79 +0 +0 +0 
40 -207 +0 +0 +0 
44 -175 +0 -15 +0 
52 -79 +0 -31 +0 

1678366771005236
40 -445 -95 +0 +0 
44 -2000 -555 +0 +0 
48 -1991 -983 -15 +0 
52 -1353 -761 -15 +0 
56 -939 -476 +0 +0 
60 -461 -428 -15 +0 
64 -175 -253 -31 +0 
68 -111 -79 -15 +0 
76 -143 -47 +0 +0 
80 -79 -31 +0 +0 
92 -79 -15 +0 +0 

1678366771065506
36 -79 +0 +0 +0 
40 -238 +0 +0 +0 
44 -175 +0 +0 +0 

1678366771095926
36 -95 +0 +0 +0 
40 -238 +0 -15 +0 
44 -127 +0 +0 +0 

1678366771137583
36 -159 +0 +0 +0 
40 -207 +0 +0 +0 

1678366771171293
40 -366 -31 -315 -47 
44 -860 -111 -663 -126 
48 -430 -190 -505 -252 
52 -191 -174 -268 -110 
56 -207 -95 -189 -15 
60 -111 -47 -189 -15 
64 -63 -63 -157 -47 

1678366771182451
36 -31 -31 -157 +0 
40 -286 -142 -695 -110 
44 -684 -491 -805 -300 
48 -525 -222 -442 -268 
52 -127 -253 -252 -126 
56 -127 -158 -142 -63 
60 -95 -31 -157 -78 
64 -79 -15 -94 -31 
68 -63 -31 -78 +0 

1678366771201029
36 -95 +0 +0 +0 
40 -238 -15 -15 +0 
44 -95 +0 +0 +0 
488 +0 +0 -78 +0 

1678366771225769
36 -143 +0 +0 +0 
40 -222 +0 -15 +0 
44 -143 +0 +0 +0 

1678366771277680
36 -191 +0 +0 +0 
40 -445 +0 +0 +0 
44 -238 +0 +0 +0 
48 -95 +0 +0 +0 

1678366771301028
40 -350 +0 -31 +0 
44 -430 +0 +0 +0 
48 -270 +0 +0 +0 
52 -111 +0 +0 +0 

1678366771354155
36 -127 -31 -142 +0 
40 -796 -95 -805 -126 
44 -876 -190 -600 -110 
48 -573 -206 -300 -110 
52 -286 -63 -189 -31 
56 -191 -31 -110 -31 
60 -95 -47 -47 -47 
64 -79 -31 -47 -31 
68 -79 -15 -31 -15 

1678366771367767
36 -79 -31 +0 +0 
40 -207 -142 +0 +0 
44 -621 -364 -15 +0 
48 -414 -253 -15 +0 
52 -270 -111 +0 +0 
56 -143 -79 +0 +0 

1678366771413702
36 -191 +0 +0 +0 
40 -302 +0 +0 +0 
44 -143 +0 +0 +0 
48 -95 +0 -31 +0 
14160 +0 +0 -78 +0 

1678366771424899
40 -238 +0 +0 +0 
44 -541 +0 -15 +0 
48 -398 +0 +0 +0 
52 -159 +0 +0 +0 
56 -159 +0 +0 +0 
60 -95 +0 +0 +0 

1678366771435767
36 -31 -285 +0 -142 
40 -398 -952 +0 -552 
44 -366 -571 +0 -331 
48 -302 -206 +0 -126 
52 -238 -126 -15 -94 
56 -95 -79 +0 -63 

1678366771460587
36 -95 +0 -15 +0 
40 -318 +0 -15 +0 
44 -382 +0 -15 +0 
48 -222 +0 -15 +0 
56 -79 +0 -15 +0 
60 -127 +0 -15 +0 

1678366771480832
36 -79 +0 +0 +0 
40 -207 +0 +0 +0 
44 -159 +0 +0 +0 

1678366771524227
36 -191 +0 +0 +0 
40 -398 -15 +0 +0 
44 -254 -15 +0 +0 
48 -127 +0 -15 +0 

1678366771570512
36 -127 +0 +0 +0 
40 -207 +0 +0 +0 
44 -79 +0 +0 +0 
52 -79 +0 +0 +0 

1678366771590658
32 -79 +0 +0 +0 
36 -191 +0 +0 +0 
40 -350 +0 -15 +0 
44 -222 +0 -15 +0 

1678366771617888
36 -159 +0 -31 +0 
40 -1226 -63 -94 -15 
44 -1322 -158 -284 -47 
48 -700 -206 -284 -126 
52 -414 -174 -94 -78 
56 -286 -126 -94 -15 
60 -127 -31 -78 -15 
68 -95 -15 -15 -15 

1678366771689909
36 -95 +0 +0 +0 
40 -238 +0 +0 +0 
44 -286 +0 +0 +0 
48 -143 +0 +0 +0 

1678366771715895
36 -159 +0 -15 +0 
40 -318 +0 +0 +0 
44 -254 +0 -15 +0 
48 -95 +0 +0 +0 

1678366771754905
40 -207 +0 -15 +0 
44 -127 +0 -15 +0 

1678366771765903
36 -79 +0 -31 +0 
40 -254 +0 -15 +0 
44 -159 +0 +0 +0 
15744 +0 +0 -78 +0 

1678366771812110
36 -127 -31 -173 -47 
40 -812 -396 -600 -505 
44 -780 -476 -631 -568 
48 -366 -190 -300 -205 
52 -302 -174 -189 -110 
56 -207 -190 -126 -94 
60 -127 -79 -94 -63 
64 -79 -15 -78 -31 
68 -47 +0 -78 -31 

1678366771828018
36 -111 +0 +0 +0 
40 -207 +0 +0 +0 
44 -143 -15 -15 +0 
48 -143 +0 +0 +0 
52 -143 +0 +0 +0 
3848 +0 +0 -78 +0 

1678366771845252
40 -366 -79 -47 -47 
44 -891 -253 -221 -142 
48 -493 -364 -173 -78 
52 -222 -174 -157 -63 
56 -286 -79 -78 -94 
60 -95 -63 -63 -31 
64 -31 -79 -47 -31 

1678366771931172
36 -159 +0 +0 +0 
40 -238 +0 +0 +0 
44 -191 +0 +0 +0 
48 -159 +0 +0 +0 

1678366771948169
36 -95 +0 +0 +0 
40 -222 +0 +0 +0 
44 -238 +0 +0 +0 
48 -95 -15 -15 +0 
52 -79 +0 -15 +0 

1678366771980306
36 -63 -31 -126 -47 
40 -254 -142 -537 -142 
44 -430 -142 -505 -142 
48 -222 -31 -300 -31 
52 -111 -15 -110 -15 
56 -111 -47 -126 -31 
60 -31 -31 -110 -47 
64 +0 -15 -78 -31 

1678366772057914
36 -79 +0 +0 +0 
40 -302 -31 +0 +0 
44 -318 -15 +0 +0 
48 -222 -31 -15 +0 
52 -159 -15 -15 +0 

1678366772076394
36 -175 +0 +0 +0 
40 -254 +0 +0 +0 
44 -175 +0 +0 +0 

1678366772087270
36 -111 +0 +0 +0 
40 -286 +0 +0 +0 
44 -191 +0 +0 +0 
48 -79 +0 +0 +0 

1678366772105459
36 -79 +0 -15 +0 
40 -207 +0 +0 +0 
44 -111 +0 +0 +0 

1678366772151466
40 -207 -63 -126 -15 
44 -684 -396 -647 -126 
48 -684 -396 -568 -142 
52 -509 -206 -300 -110 
56 -286 -142 -189 -94 
60 -159 -95 -94 -31 
64 -159 -63 -63 -31 

1678366772167161
36 -143 +0 -15 +0 
40 -207 -111 +0 +0 

1678366772207644
40 -207 +0 -31 +0 
44 -143 +0 -31 +0 

1678366772230016
36 -127 -206 -94 -47 
40 -286 -222 -205 -268 
44 -222 -158 -110 -221 
48 -47 -111 -94 -47 

1678366772255253
40 -238 -15 +0 +0 
44 -557 -126 +0 +0 
48 -493 -174 -15 +0 
52 -286 -63 -15 +0 
56 -79 -47 +0 +0 
60 -79 -47 +0 +0 

1678366772374908
36 -175 +0 -31 +0 
40 -207 +0 -15 +0 
44 -111 +0 +0 +0 
672 +0 +0 -78 +0 
1512 +0 +0 -78 +0 
3120 +0 +0 -78 +0 

1678366772384767
36 -111 +0 -552 -15 
40 -1067 -111 -1121 -110 
44 -876 -238 -1105 -221 
48 -334 -174 -963 -205 
52 -254 -158 -679 -110 
56 -143 -79 -394 -110 
60 -79 -15 -252 -47 
64 -47 -15 -252 -31 
68 -31 -15 -94 -15 
80 +0 -15 -78 +0 

1678366772443920
36 -63 -31 -157 -15 
40 -270 -253 -347 -205 
44 -350 -174 -347 -94 
48 -207 -142 -236 -78 
52 -175 -47 -110 -63 
56 -95 -63 -63 -15 
2628 +0 +0 -78 +0 
9536 +0 +0 -94 +0 

1678366772501419
40 -334 +0 -15 +0 
44 -1433 +0 -15 +0 
48 -1497 +0 -15 +0 
52 -812 +0 -31 +0 
56 -302 +0 -31 +0 
60 -175 +0 +0 +0 
64 -95 +0 -31 +0 
68 -111 +0 -15 +0 

1678366772534577
40 -238 +0 -15 +0 
44 -143 +0 -15 +0 
5156 +0 +0 -94 +0 
9892 +0 +0 -78 +0 

1678366772555401
36 -95 -31 -173 -78 
40 -716 -539 -773 -410 
44 -891 -777 -789 -473 
48 -589 -460 -426 -252 
52 -445 -285 -205 -110 
56 -254 -253 -173 -189 
60 -95 -63 -78 -94 
64 -63 -31 -31 -78 
68 -79 -31 -31 -63 
11220 +0 +0 -78 +0 

1678366772573652
36 -191 -31 -394 -126 
40 -923 -174 -726 -315 
44 -732 -317 -616 -252 
48 -414 -190 -394 -94 
52 -318 -142 -300 -94 
56 -143 -95 -205 -94 
60 -63 -47 -126 -31 
64 -47 -63 -110 -31 
68 -47 -15 -78 -15 
72 -31 -15 -94 -15 
3456 +0 +0 -94 +0 
8648 +0 +0 -78 +0 
15496 +0 +0 -94 +0 

1678366772601408
40 -222 +0 -31 +0 
44 -175 +0 -15 +0 
6388 +0 +0 -78 +0 
14356 +0 +0 -78 +0 
14956 +0 +0 -78 +0 

1678366772617317
36 -111 +0 -31 +0 
40 -207 +0 -15 +0 
44 -143 +0 +0 +0 
1932 +0 +0 -78 +0 
3068 +0 +0 -78 +0 
6292 +0 +0 -78 +0 
11312 +0 +0 -78 +0 

1678366772629768
40 -286 -380 -331 -394 
44 -493 -682 -663 -457 
48 -589 -412 -489 -347 
52 -302 -285 -315 -300 
56 -191 -158 -205 -157 
60 -111 -79 -157 -94 
64 -63 -31 -78 -47 

1678366772652906
36 -143 +0 +0 +0 
40 -238 +0 +0 +0 
44 -159 +0 +0 +0 

1678366772681152
40 -207 +0 +0 -15 
44 -79 +0 +0 -15 
52 -79 +0 +0 -15 

1678366772738529
40 -270 -31 +0 +0 
44 -445 -158 -31 -78 
48 -350 -174 -15 -236 
52 -143 -142 +0 -94 
56 -111 -95 +0 -31 
60 -127 -79 +0 -47 
72 -79 +0 -15 -15 

1678366772751886
40 -238 +0 -15 +0 
44 -127 +0 -15 +0 
48 -79 +0 -15 +0 
56 -79 +0 -15 +0 
11972 +0 +0 -78 +0 

1678366772761502
36 -31 -79 -110 -126 
40 -270 -174 -284 -205 
44 -238 -126 -221 -126 
48 -79 -111 -63 -63 
2740 +0 +0 -78 +0 
3868 +0 +0 -78 +0 

1678366772790286
40 -366 +0 +0 +0 
44 -207 +0 -31 +0 
48 -111 +0 -31 +0 
4252 +0 +0 -78 +0 

1678366772864042
40 -207 +0 +0 +0 
44 -222 +0 +0 +0 
1776 +0 +0 -78 +0 
2192 +0 +0 -78 +0 

1678366772916291
40 -222 +0 +0 +0 
44 -286 +0 -15 +0 
48 -143 +0 -15 +0 
56 -79 +0 +0 +0 

1678366772934419
36 -79 -15 -78 +0 
40 -350 -47 -347 +0 
44 -398 -126 -410 -142 
48 -207 -253 -315 -78 
52 -175 -238 -221 -78 
56 -111 -31 -110 -31 
60 -79 -79 -63 +0 
6668 +0 +0 -78 +0 
10048 +0 +0 -78 +0 
11528 +0 +0 -78 +0 

1678366772968772
36 -111 +0 +0 +0 
40 -334 +0 +0 +0 
44 -254 +0 +0 +0 
48 -95 +0 +0 +0 

1678366773030443
0 +0 +0 -78 +0 
40 -254 -158 -78 -31 
44 -605 -412 -331 -157 
48 -430 -238 -189 -110 
52 -207 -95 -126 -47 
56 -95 -111 -126 -63 
60 -63 -79 -94 -31 
3156 +0 +0 -78 +0 
11408 +0 +0 -78 +0 

1678366773081839
36 -95 +0 -15 +0 
40 -366 +0 +0 +0 
44 -366 +0 -31 +0 
48 -127 +0 +0 +0 

1678366773093146
36 -127 +0 -31 +0 
40 -286 +0 +0 +0 
44 -254 +0 +0 +0 
48 -127 +0 -15 +0 
52 -79 +0 -31 +0 
6216 +0 +0 -78 +0 
9744 +0 +0 -78 +0 
14812 +0 +0 -78 +0 

1678366773106395
36 -191 +0 -15 +0 
40 -270 +0 -15 +0 
44 -143 +0 +0 +0 

1678366773165022
36 -127 +0 +0 +0 
40 -350 +0 +0 +0 
44 -366 +0 +0 +0 
48 -111 +0 +0 +0 
52 -111 +0 +0 +0 
56 -79 +0 +0 +0 
520 +0 +0 -94 +0 
6152 +0 +0 -78 +0 
6168 +0 +0 -94 +0 
7292 +0 +0 -94 +0 
13208 +0 +0 -78 +0 

1678366773176155
36 -127 +0 +0 +0 
40 -207 +0 -15 +0 
44 -143 +0 -15 +0 
48 -79 +0 +0 +0 
5356 +0 +0 -78 +0 
6032 +0 +0 -78 +0 
11200 +0 +0 -78 +0 
14236 +0 +0 -78 +0 

1678366773187289
40 -254 -15 +0 +0 
44 -350 -15 +0 +0 
48 -207 -47 -15 +0 
52 -143 -15 +0 +0 
56 -127 +0 +0 +0 

1678366773215790
36 -159 +0 +0 -31 
40 -207 +0 +0 -31 
44 -175 +0 -15 -15 

1678366773235537
36 -127 +0 -347 -15 
40 -1338 -222 -1010 -221 
44 -2000 -555 -1042 -584 
48 -1401 -587 -884 -315 
52 -621 -396 -647 -189 
56 -350 -174 -347 -142 
60 -222 -126 -205 -63 
64 -191 -79 -126 -31 
68 -79 -31 -31 -31 
72 -79 +0 -78 -31 
6136 +0 +0 -78 +0 

1678366773361790
40 -207 +0 -15 +0 
44 -238 +0 +0 +0 
1684 +0 +0 -78 +0 
12600 +0 +0 -78 +0 
15740 +0 +0 -78 +0 

1678366773394144
40 -254 +0 +0 +0 
10880 +0 +0 -94 +0 
15392 +0 +0 -94 +0 

1678366773419418
36 -79 -31 -63 +0 
40 -318 -269 -205 -31 
44 -461 -269 -379 -94 
48 -270 -158 -221 -78 
52 -318 -174 -78 -63 
56 -111 -95 -110 -63 
5228 +0 +0 -78 +0 

1678366773503913
36 -63 -15 -78 -31 
40 -621 -190 -568 -189 
44 -923 -555 -663 -473 
48 -525 -364 -521 -252 
52 -207 -174 -221 -157 
56 -175 -111 -142 -142 
60 -79 -79 -110 -78 
64 -15 -15 -110 -47 
68 -95 -79 -63 -15 
72 -79 -31 -63 -31 
4728 +0 +0 -78 +0 
4816 +0 +0 -78 +0 
13512 +0 +0 -78 +0 

1678366773535633
36 -95 +0 +0 +0 
40 -207 +0 +0 +0 
44 -191 +0 +0 +0 
48 -143 +0 +0 +0 

1678366773557654
40 -222 -95 -505 -63 
44 -573 -317 -505 -236 
48 -302 -206 -394 -157 
52 -143 -158 -205 -47 
56 -143 -63 -126 -47 
60 -95 -31 -78 -15 
64 -47 -15 -94 -31 
13304 +0 +0 -78 +0 

1678366773603651
36 -191 -206 -142 -173 
40 -493 -460 -505 -331 
44 -350 -333 -379 -378 
48 -222 -174 -173 -142 
52 -175 -126 -189 -173 
56 -111 -47 -126 -78 
4348 +0 +0 -78 +0 
12660 +0 +0 -78 +0 

1678366773615465
40 -222 +0 +0 +0 
44 -414 +0 -15 +0 
48 -366 +0 -15 +0 
52 -207 +0 +0 +0 
8356 +0 +0 -110 +0 
14456 +0 +0 -78 +0 

1678366773631523
40 -222 -142 -315 -110 
44 -493 -364 -379 -378 
48 -445 -317 -205 -284 
52 -143 -126 -142 -173 
56 -127 -95 -110 -110 
60 -111 -63 -94 -63 
64 -31 -31 -78 -47 
72 -15 +0 -15 -173 
76 -15 -15 -47 -94 
480 +0 +0 -78 +0 
3976 +0 +0 -78 +0 
11584 +0 +0 -78 +0 

1678366773675278
40 -207 +0 +0 +0 
44 -127 +0 +0 +0 
1948 +0 +0 -78 +0 
2016 +0 +0 -78 +0 
2632 +0 +0 -78 +0 
5996 +0 +0 -78 +0 
9104 +0 +0 -78 +0 
11776 +0 +0 -78 +0 

1678366773687647
36 -31 -491 -300 -268 
40 -238 -1301 -695 -679 
44 -430 -1078 -663 -505 
48 -159 -507 -442 -300 
52 -95 -238 -252 -252 
56 -79 -190 -189 -126 
60 -63 -126 -110 -63 
64 -47 -95 -63 -94 
68 -15 -79 -78 -63 
2484 +0 +0 -78 +0 

1678366773733206
40 -318 +0 +0 +0 
44 -525 +0 -15 +0 
48 -382 +0 -15 +0 
52 -238 +0 +0 +0 
56 -143 +0 +0 +0 
60 -127 +0 +0 +0 
16256 +0 +0 -94 +0 

1678366773749273
40 -318 +0 -15 +0 
44 -780 +0 +0 +0 
48 -525 +0 -15 +0 
52 -222 +0 -15 +0 
56 -270 +0 +0 +0 
60 -159 +0 +0 +0 

1678366773780968
40 -318 +0 +0 +0 
44 -605 +0 +0 +0 
48 -509 +0 +0 +0 
52 -222 +0 +0 +0 
56 -127 +0 +0 +0 
11304 +0 +0 -94 +0 
13316 +0 +0 -78 +0 

1678366773814408
36 -79 +0 -15 +0 
40 -430 +0 -15 +0 
44 -430 +0 -15 +0 
48 -270 +0 +0 +0 
52 -159 +0 +0 +0 
56 -95 +0 +0 +0 
60 -95 +0 +0 +0 
3688 +0 +0 -78 +0 
12324 +0 +0 -78 +0 
13632 +0 +0 -78 +0 
16344 +0 +0 -94 +0 

1678366773847612
40 -589 -15 -347 +0 
44 -1306 -174 -331 -78 
48 -1067 -444 -284 -94 
52 -477 -238 -268 -126 
56 -286 -79 -110 -78 
60 -238 -79 -47 -47 
64 -143 -47 -94 -15 
68 -79 -31 -47 -15 
3820 +0 +0 -94 +0 
12256 +0 +0 -78 +0 

1678366773858653
40 -477 -412 -568 -157 
44 -780 -571 -742 -394 
48 -573 -333 -426 -252 
52 -366 -174 -142 -126 
56 -207 -126 -142 -78 
60 -127 -47 -110 -78 
64 -47 -95 -63 -63 
76 -79 -15 -15 -15 

1678366773899708
40 -589 -222 -363 -157 
44 -573 -476 -410 -205 
48 -286 -190 -252 -126 
52 -143 -79 -252 -78 
56 -127 -95 -142 -63 
60 -47 -79 -63 -31 
10316 +0 +0 -78 +0 

1678366773910909
36 -127 +0 -15 +0 
40 -382 +0 -15 +0 
44 -286 +0 +0 +0 
48 -175 +0 -31 +0 
52 -111 +0 +0 +0 
5664 +0 +0 -78 +0 
5976 +0 +0 -78 +0 
6280 +0 +0 -78 +0 
11132 +0 +0 -78 +0 

1678366773951781
36 -95 +0 -15 +0 
40 -302 +0 -15 +0 
44 -159 +0 -15 +0 
56 -79 +0 +0 +0 

1678366773969415
36 -63 -380 -78 -15 
40 -430 -967 -331 -31 
44 -414 -555 -252 -15 
48 -175 -301 -126 +0 
52 -143 -126 -78 +0 
56 -79 -142 -78 +0 
60 -47 -79 -110 +0 
64 -15 -111 -31 +0 

1678366774004545
36 -159 +0 -15 +0 
40 -207 +0 -15 +0 
44 -143 +0 +0 +0 
5012 +0 +0 -78 +0 

1678366774090030
40 -222 +0 +0 +0 
44 -254 +0 -15 +0 
48 -127 +0 +0 +0 
52 -79 +0 -15 +0 
56 -111 +0 +0 +0 

1678366774178163
36 -47 +0 -94 +0 
40 -477 -47 -315 -47 
44 -398 -142 -284 -63 
48 -222 -158 -126 -31 
52 -111 -111 -126 -15 
56 -95 -63 -63 -31 
60 -79 -31 -47 -15 

1678366774233722
36 -47 +0 -173 -31 
40 -445 -206 -252 -63 
44 -350 -158 -189 -31 
48 -159 -63 -110 -47 
52 -79 -63 -47 -47 
56 -95 -31 -78 -63 
7024 +0 +0 -78 +0 
13460 +0 +0 -78 +0 
13988 +0 +0 -78 +0 

1678366774255008
36 -159 +0 -15 +0 
40 -302 +0 -15 +0 
44 -302 +0 -15 +0 
48 -175 +0 -15 +0 
60 -95 +0 -15 +0 
1324 +0 +0 -94 +0 
7644 +0 +0 -78 +0 
8128 +0 +0 -78 +0 

1678366774281540
36 -191 +0 -15 +0 
40 -254 +0 +0 +0 
44 -111 +0 -15 +0 
9228 +0 +0 -78 +0 

1678366774381022
40 -222 +0 +0 +0 
44 -254 +0 +0 +0 
48 -127 +0 +0 +0 
52 -79 +0 -15 +0 
752 +0 +0 -78 +0 

1678366774414515
40 -334 +0 -15 +0 
44 -222 +0 -15 +0 
48 -222 +0 -15 +0 
52 -159 +0 -15 +0 
2092 +0 +0 -78 +0 
2724 +0 +0 -94 +0 
13312 +0 +0 -78 +0 
15024 +0 +0 -78 +0 

1678366774445016
40 -366 -111 -173 -63 
44 -637 -222 -300 -173 
48 -477 -111 -300 -126 
52 -191 -95 -126 -110 
56 -95 -79 -63 -63 
64 -47 -31 -78 -47 
856 +0 +0 -78 +0 

1678366774460642
40 -207 +0 +0 +0 
44 -127 +0 +0 +0 
1508 +0 +0 -94 +0 
5052 +0 +0 -94 +0 
11380 +0 +0 -78 +0 

1678366774544711
40 -222 +0 +0 +0 
44 -127 +0 +0 +0 
16288 +0 +0 -78 +0 

1678366774563420
36 -15 -15 -94 +0 
40 -270 -301 -505 -142 
44 -318 -491 -489 -189 
48 -398 -269 -300 -205 
52 -207 -95 -189 -110 
56 -63 -142 -142 -94 
492 +0 +0 -78 +0 
7472 +0 +0 -78 +0 
10748 +0 +0 -78 +0 
13248 +0 +0 -78 +0 

1678366774574516
40 -238 +0 +0 +0 
44 -334 +0 +0 +0 
48 -207 +0 -15 +0 

1678366774646037
36 +0 +0 -631 -15 
40 -254 -317 -963 -110 
44 -557 -333 -805 -284 
48 -398 -333 -552 -157 
52 -254 -253 -331 -94 
56 -175 -111 -268 -78 
60 -79 -31 -110 -31 
64 -47 -158 -47 -15 
68 -79 -47 -31 -47 
76 -79 -31 -31 +0 
1300 +0 +0 -78 +0 
13212 +0 +0 -78 +0 
16184 +0 +0 -78 +0 

1678366774700474
36 -175 +0 +0 +0 
40 -414 -15 +0 +0 
44 -270 -63 +0 +0 
48 -127 -31 +0 +0 
52 -79 -15 -15 +0 
1176 +0 +0 -78 +0 
8072 +0 +0 -78 +0 
10816 +0 +0 -78 +0 
15616 +0 +0 -110 +0 

1678366774772167
40 -222 +0 +0 +0 
44 -254 +0 +0 +0 
48 -175 +0 -15 +0 
52 -127 +0 -15 +0 

1678366774791770
36 -175 +0 -15 +0 
40 -270 +0 +0 +0 
44 -222 +0 -15 +0 
84 +0 +0 -78 +0 
3956 +0 +0 -78 +0 
5316 +0 +0 -78 +0 
9152 +0 +0 -78 +0 
11380 +0 +0 -78 +0 

1678366774824909
40 -286 -63 -15 +0 
44 -1162 -428 -15 +0 
48 -1290 -682 -15 +0 
52 -716 -507 -15 +0 
56 -334 -301 -15 +0 
60 -222 -222 -31 +0 
64 -127 -95 -63 +0 
68 -79 -31 -15 +0 
80 -79 -15 -31 +0 
580 +0 -174 -15 +0 
584 +0 -729 -15 +0 
588 +0 -809 +0 +0 
592 +0 -555 -31 +0 
596 +0 -349 -15 +0 
600 +0 -222 +0 +0 
608 +0 -95 +0 +0 
9704 +0 +0 -78 +0 

1678366774877661
40 -238 +0 +0 +0 
44 -95 +0 +0 +0 
48 -111 +0 -15 +0 
12696 +0 +0 -78 +0 
13392 +0 +0 -78 +0 

1678366774908656
40 -222 +0 +0 +0 
44 -191 +0 +0 +0 
48 -175 +0 +0 +0 

1678366774994904
36 -191 +0 -15 +0 
40 -207 +0 -15 +0 
44 -95 +0 -15 +0 
2936 +0 +0 -78 +0 

1678366775067897
40 -238 +0 +0 +0 
44 -175 +0 +0 +0 
48 -111 +0 -15 +0 
56 -79 +0 +0 +0 

1678366775089140
36 -111 +0 -31 +0 
40 -222 +0 -15 +0 
44 -79 +0 +0 +0 
13032 +0 +0 -78 +0 

1678366775119785
40 -461 +0 -15 +0 
44 -796 +0 -47 +0 
48 -509 +0 -31 +0 
52 -238 +0 +0 +0 
56 -238 +0 -47 +0 
60 -175 +0 -15 +0 
64 -159 +0 +0 +0 
5448 +0 +0 -78 +0 
13696 +0 +0 -78 +0 

1678366775184096
36 -111 -63 -126 -31 
40 -573 -190 -458 -110 
44 -525 -174 -458 -205 
48 -238 -222 -236 -126 
52 -222 -79 -126 -157 
56 -111 -15 -110 -126 
12128 +0 +0 -94 +0 
14976 +0 +0 -78 +0 

1678366775237916
40 -366 +0 +0 +0 
44 -477 +0 +0 +0 
48 -302 +0 -15 +0 
52 -143 +0 -15 +0 
56 -79 +0 -15 +0 
9312 +0 +0 -78 +0 

1678366775268776
40 -207 +0 +0 +0 
44 -175 +0 -31 +0 
48 -111 +0 -15 +0 

1678366775301213
40 -366 +0 +0 +0 
44 -238 +0 +0 +0 
48 -175 +0 +0 +0 
52 -143 +0 +0 +0 
64 -47 +0 -78 +0 
3584 +0 +0 -78 +0 
7948 +0 +0 -78 +0 
15284 +0 +0 -78 +0 
15352 +0 +0 -78 +0 

1678366775320027
36 -175 +0 +0 +0 
40 -302 +0 +0 +0 
44 -207 +0 +0 +0 
48 -111 +0 +0 +0 
652 +0 +0 -78 +0 
868 +0 +0 -110 +0 
3304 +0 +0 -78 +0 
13768 +0 +0 -94 +0 
14096 +0 +0 -78 +0 

1678366775345779
36 -95 +0 +0 +0 
40 -302 +0 +0 +0 
44 -95 +0 +0 +0 

1678366775365911
36 -111 +0 +0 +0 
40 -238 +0 -47 +0 
3844 +0 +0 +0 -94 
9708 +0 +0 -78 +0 

1678366775399879
36 -127 +0 +0 +0 
40 -286 +0 -15 +0 
44 -159 +0 -15 +0 

1678366775418520
36 -159 +0 -31 +0 
40 -270 +0 -15 +0 
44 -238 +0 +0 +0 
48 -127 +0 +0 +0 
8368 +0 +0 -78 +0 
15768 +0 +0 -78 +0 

1678366775432154
40 -222 +0 -15 +0 
44 -334 +0 -15 +0 
48 -95 +0 -15 +0 
52 -79 +0 -31 +0 
56 -127 +0 -15 +0 
5536 +0 +0 -78 +0 
8996 +0 +0 -78 +0 
13840 +0 +0 -78 +0 

1678366775452786
32 -15 +0 -126 +0 
36 -127 -95 -584 -94 
40 -637 -253 -647 -205 
44 -461 -317 -505 -157 
48 -286 -238 -394 -63 
52 -159 -63 -236 -63 
56 -111 -79 -157 -31 
60 -79 -79 -142 -31 
648 +0 +0 -110 +0 
6148 +0 +0 -78 +0 
13572 +0 +0 -78 +0 

1678366775501574
40 -207 -15 -142 -15 
44 -557 -238 -410 -142 
48 -605 -412 -442 -126 
52 -350 -174 -268 -110 
56 -127 -190 -126 -126 
60 -95 -79 -173 -78 
64 -111 -63 -157 -31 
1672 +0 +0 -94 +0 
2384 +0 +0 -78 +0 

1678366775555794
36 -175 +0 -15 +0 
40 -286 +0 -15 +0 
44 -143 +0 +0 +0 
48 -95 +0 +0 +0 
6960 +0 +0 -78 +0 

1678366775571908
36 -175 +0 -15 +0 
40 -270 +0 -15 +0 
44 -127 +0 -31 +0 
48 -95 +0 +0 +0 
56 -111 +0 -15 +0 
1092 +0 +0 -78 +0 
1188 +0 +0 -78 +0 
2320 +0 +0 -78 +0 
9948 +0 +0 -78 +0 
13152 +0 +0 -78 +0 

1678366775610658
40 -525 -158 -363 -31 
44 -987 -317 -489 -173 
48 -796 -301 -284 -94 
52 -445 -126 -189 -142 
56 -302 -95 -94 -63 
60 -127 -47 -31 -15 
3900 +0 +0 -78 +0 
4344 +0 +0 -78 +0 
5528 +0 +0 -78 +0 

1678366775622424
36 -79 +0 -15 +0 
40 -222 +0 +0 +0 
44 -175 +0 -15 +0 
808 +0 +0 -78 +0 
14456 +0 +0 -94 +0 
15676 +0 +0 -78 +0 

1678366775638514
36 -191 +0 +0 +0 
40 -222 +0 -15 +0 
44 -222 +0 -15 +0 
48 -111 +0 -47 +0 
12148 +0 +0 -78 +0 

1678366775662035
40 -207 -142 -110 -410 
44 -493 -396 -379 -489 
48 -509 -253 -331 -300 
52 -286 -158 -268 -189 
56 -159 -111 -126 -94 
60 -95 -63 -94 -47 
13944 +0 +0 -78 +0 

1678366775751904
36 -111 +0 -15 +0 
40 -525 +0 -15 +0 
44 -541 +0 +0 +0 
48 -302 +0 -15 +0 
52 -127 +0 -15 +0 
56 -79 +0 +0 +0 
14756 +0 +0 -78 +0 

1678366775763027
40 -222 +0 -47 +0 
44 -95 +0 -15 +0 
48 -143 +0 +0 +0 
52 -143 +0 -15 +0 
800 +0 +0 -78 +0 
1164 +0 +0 -78 +0 
2440 +0 +0 -94 +0 
3276 +0 +0 -78 +0 
5996 +0 +0 -78 +0 
6940 +0 +0 -78 +0 
10008 +0 +0 -78 +0 
11844 +0 +0 -78 +0 

1678366775826913
36 -175 +0 +0 +0 
40 -286 +0 -15 +0 
44 -175 +0 +0 +0 
48 -79 +0 +0 +0 

1678366775844275
40 -207 +0 -15 +0 
44 -207 +0 +0 +0 
48 -79 +0 -15 +0 
2988 +0 +0 -78 +0 
8720 +0 +0 -78 +0 
9924 +0 +0 -78 +0 

1678366775887651
36 -159 +0 +0 +0 
40 -318 +0 +0 +0 
44 -175 +0 +0 +0 
48 -111 +0 +0 +0 
52 -111 +0 +0 +0 
196 +0 +0 -78 +0 
936 +0 +0 -78 +0 

1678366775906008
40 -222 +0 -31 +0 
44 -1242 +0 -15 +0 
48 -923 +0 -31 +0 
52 -350 +0 +0 +0 
56 -254 +0 +0 +0 
60 -175 +0 +0 +0 
64 -95 +0 -31 +0 
11580 +0 +0 -78 +0 

1678366775918390
36 -127 +0 -15 +0 
40 -238 +0 -15 +0 
44 -111 +0 -15 +0 
7848 +0 +0 -78 +0 

1678366776014912
36 -111 +0 -15 +0 
40 -207 +0 -15 +0 
5392 +0 +0 -78 +0 
9372 +0 +0 -78 +0 
10956 +0 +0 -78 +0 

1678366776040666
40 -254 +0 -15 +0 
44 -270 +0 -15 +0 
48 -159 +0 -15 +0 
52 -159 +0 -15 +0 
56 -95 +0 -47 +0 
2708 +0 +0 -78 +0 
14604 +0 +0 -78 +0 

1678366776109906
32 -79 +0 +0 +0 
36 -175 +0 -15 +0 
40 -270 +0 +0 +0 
44 -143 +0 +0 +0 
48 -79 +0 +0 +0 
9576 +0 +0 -78 +0 

1678366776139420
36 -111 +0 -94 -31 
40 -796 -111 -537 -189 
44 -844 -301 -695 -252 
48 -382 -126 -315 -189 
52 -286 -47 -205 -142 
56 -191 -31 -189 -47 
60 -47 -47 -94 -63 

1678366776160311
40 -270 +0 +0 +0 
44 -159 +0 +0 +0 

1678366776175527
40 -318 -63 -189 -94 
44 -461 -333 -331 -110 
48 -334 -238 -236 -78 
52 -143 -142 -78 -47 
56 -95 -79 -63 -63 

1678366776221658
36 -79 -15 -505 -94 
40 -334 -142 -805 -205 
44 -207 -206 -458 -173 
48 -95 -142 -236 -78 
52 -95 -142 -173 -78 
56 -63 -31 -110 -31 
3692 +0 +0 -78 +0 
15172 +0 +0 -78 +0 
16376 +0 +0 -78 +0 

1678366776244025
36 -175 -31 -236 -94 
40 -509 -190 -394 -221 
44 -430 -206 -315 -189 
48 -191 -79 -142 -78 
52 -63 -95 -63 -63 
56 -79 -63 -78 -15 
68 -79 +0 -15 -31 
112 +0 +0 -78 +0 

1678366776274525
36 -143 +0 -537 -142 
40 -605 -222 -1184 -631 
44 -668 -364 -1153 -679 
48 -254 -142 -947 -521 
52 -159 -206 -679 -347 
56 -127 -142 -394 -189 
60 -47 -15 -173 -94 
64 -31 -31 -110 -47 
68 -31 -79 -110 -47 
72 +0 -15 -78 -31 
13712 +0 +0 -78 +0 

1678366776288907
36 -15 -15 -205 -268 
40 -366 -428 -916 -1121 
44 -541 -809 -979 -1121 
48 -366 -856 -726 -663 
52 -159 -380 -442 -473 
56 -111 -158 -268 -315 
60 -31 -95 -284 -221 
64 -15 -95 -110 -110 
68 -31 -63 -110 -78 
72 -31 -47 -47 -78 

1678366776337917
36 -159 -15 -221 -31 
40 -684 -158 -663 -205 
44 -796 -206 -537 -189 
48 -254 -111 -315 -173 
52 -159 -31 -173 -94 
56 -175 -47 -63 -63 
60 -47 -63 -78 -47 
11016 +0 +0 -78 +0 

1678366776355264
36 -79 +0 +0 +0 
40 -207 +0 +0 +0 
44 -127 +0 +0 +0 
52 -79 +0 +0 +0 

1678366776391034
36 -175 +0 +0 +0 
40 -238 +0 -15 +0 
44 -270 +0 -31 +0 
2420 +0 +0 -78 +0 

1678366776410788
36 -127 +0 -15 +0 
40 -222 +0 +0 +0 
44 -111 +0 +0 +0 
48 -95 +0 -31 +0 
52 -95 +0 -15 +0 

1678366776443158
40 -222 -79 -15 +0 
44 -318 -142 +0 +0 
48 -191 -47 +0 +0 
52 -127 -47 -15 +0 

1678366776460402
32 -79 +0 -15 +0 
36 -159 +0 +0 +0 
40 -222 +0 -31 +0 
44 -222 +0 +0 +0 
48 -95 +0 +0 +0 
5648 +0 +0 -78 +0 

1678366776470144
36 -79 +0 +0 +0 
40 -270 +0 +0 +0 
44 -286 +0 -15 +0 
48 -95 +0 +0 +0 
912 +0 +0 -78 +0 
7112 +0 +0 -78 +0 
8616 +0 +0 -78 +0 

1678366776490839
36 -15 +0 -110 +0 
40 -318 -142 -616 -221 
44 -477 -253 -695 -142 
48 -318 -190 -442 -205 
52 -191 -126 -252 -142 
56 -111 -63 -205 -94 
60 -79 -31 -94 -78 
64 -63 -79 -31 -31 
8144 +0 +0 -78 +0 
8864 +0 +0 -78 +0 
14228 +0 +0 -78 +0 

1678366776503574
36 -95 +0 -15 +0 
40 -286 +0 +0 +0 
44 -207 +0 -31 +0 
48 -95 +0 +0 +0 
14756 +0 +0 -78 +0 
15608 +0 +0 -78 +0 

1678366776542107
36 -31 +0 -110 +0 
40 -350 -47 -473 -15 
44 -525 -111 -379 -94 
48 -334 -111 -347 -47 
52 -111 -158 -173 -78 
56 -95 -79 -78 -47 
60 -63 -15 -78 -47 
64 -47 -31 -78 -31 
3204 +0 +0 -78 +0 
5724 +0 +0 -78 +0 
7208 +0 +0 -78 +0 
8924 +0 +0 -78 +0 
13148 +0 +0 -94 +0 

1678366776558285
36 -95 -15 -221 -15 
40 -366 -111 -631 -94 
44 -477 -301 -600 -142 
48 -254 -190 -284 -47 
52 -159 -111 -189 -31 
56 -79 -111 -110 -63 
68 -15 -31 -78 -15 

1678366776593415
36 -95 +0 +0 +0 
40 -270 +0 +0 +0 
44 -222 +0 +0 +0 
48 -159 +0 +0 +0 
52 -79 +0 -15 +0 
8728 +0 +0 -78 +0 
12652 +0 +0 -78 +0 

1678366776647907
36 -47 -111 -63 +0 
40 -382 -206 -252 -31 
44 -366 -444 -426 -110 
48 -350 -269 -252 -110 
52 -159 -142 -142 -31 
56 -159 -95 -47 -15 
60 -63 -63 -94 -15 
64 -63 -31 -78 -15 

1678366776664036
36 -127 -174 -126 +0 
40 -477 -491 -410 +0 
44 -414 -698 -284 +0 
48 -207 -349 -126 +0 
52 -159 -206 -94 +0 
56 -47 -142 -94 +0 
60 -63 -95 -47 +0 

1678366776697071
36 -143 -714 -315 -331 
40 -270 -587 -363 -378 
44 -270 -301 -363 -221 
48 -127 -142 -205 -110 
52 -95 -126 -78 -110 
56 -47 -63 -63 -94 

1678366776709403
36 -95 -47 -142 -94 
40 -573 -206 -726 -268 
44 -493 -349 -647 -521 
48 -302 -206 -221 -252 
52 -191 -142 -189 -157 
56 -79 -79 -110 -94 
68 -47 -15 -78 -15 
1456 +0 +0 -78 +0 
3496 +0 +0 -78 +0 
4572 +0 +0 -78 +0 
9272 +0 +0 -78 +0 
11188 +0 +0 -78 +0 

1678366776755791
36 -143 +0 -410 -94 
40 -398 -190 -600 -252 
44 -334 -158 -552 -410 
48 -254 -95 -410 -236 
52 -175 -111 -221 -94 
56 -79 -126 -157 -110 
60 -95 -47 -78 -78 
64 -63 +0 -78 -31 
3764 +0 +0 -78 +0 
4224 +0 +0 -94 +0 
16052 +0 +0 -110 +0 

1678366776776888
36 -79 +0 +0 +0 
40 -207 +0 +0 +0 
44 -159 +0 -15 +0 
48 -79 +0 +0 +0 
6164 +0 +0 -78 +0 

1678366776806819
32 -95 +0 -15 +0 
36 -191 +0 -31 +0 
40 -222 +0 -15 +0 
44 -95 +0 +0 +0 
9232 +0 +0 -94 +0 

1678366776826146
40 -222 -158 -268 -173 
44 -382 -333 -300 -157 
48 -254 -285 -157 -110 
52 -127 -174 -110 -110 
56 -159 -47 -110 -78 
60 -95 -95 -31 -31 

1678366776858915
40 -270 +0 +0 +0 
44 -334 +0 +0 +0 
48 -175 +0 -15 +0 
52 -111 +0 +0 +0 

1678366776870943
40 -254 +0 -15 +0 
44 -207 +0 +0 +0 
48 -79 +0 -15 +0 

1678366776882297
36 -111 +0 +0 +0 
40 -238 +0 -15 +0 
44 -111 +0 +0 +0 
4836 +0 +0 -78 +0 

1678366776918001
36 -15 +0 -78 +0 
40 -573 -15 -552 +0 
44 -1019 -222 -916 +0 
48 -828 -380 -758 +0 
52 -461 -238 -458 +0 
56 -207 -158 -221 +0 
60 -175 -111 -189 +0 
64 -79 -63 -94 +0 

1678366776933276
36 -143 -31 -142 -47 
40 -828 -190 -426 -284 
44 -732 -555 -458 -300 
48 -573 -333 -315 -268 
52 -334 -190 -268 -142 
56 -143 -95 -142 -110 
60 -47 -79 -63 -63 
10852 +0 +0 -94 +0 
16212 +0 +0 -78 +0 
