
1678366468983386
36 -350 +0 -126 -15 
40 -1130 -380 -537 -284 
44 -844 -602 -568 -394 
48 -430 -380 -363 -157 
52 -318 -190 -221 -110 
56 -238 -111 -142 -47 
60 -111 -47 -47 -47 

1678366469047164
32 -127 -95 -221 -126 
36 -445 -285 -663 -268 
40 -589 -317 -489 -252 
44 -302 -190 -205 -142 
48 -95 -174 -110 -110 
52 -95 -142 -63 -47 
56 -111 -95 -78 -31 

1678366469146031
36 -350 +0 -15 +0 
40 -573 -15 -15 +0 
44 -398 +0 +0 +0 
48 -191 +0 +0 +0 
52 -79 +0 -15 +0 
56 -79 +0 +0 +0 

1678366469266205
40 -525 -333 -726 -189 
44 -732 -745 -1058 -473 
48 -557 -698 -726 -521 
52 -350 -412 -458 -347 
56 -207 -238 -252 -221 
60 -63 -190 -157 -63 
64 -79 -142 -78 -63 
68 -47 -31 -94 -63 
72 -31 -15 -47 -78 

1678366469479680
36 -270 -269 -189 -47 
40 -939 -777 -742 -221 
44 -923 -809 -473 -142 
48 -700 -539 -236 -63 
52 -430 -364 -221 -47 
56 -127 -238 -157 -94 
60 -79 -126 -63 -31 
64 -95 -63 -47 -15 
72 -79 -31 -15 -15 

1678366469683047
36 -238 -238 -521 -63 
40 -1115 -777 -1105 -536 
44 -1130 -872 -758 -489 
48 -748 -444 -568 -363 
52 -621 -222 -363 -363 
56 -334 -206 -189 -173 
60 -207 -79 -157 -63 
64 -159 -15 -94 -47 
68 -95 -31 -31 -47 
72 -95 -15 -31 -31 
76 -79 -15 -31 -15 

1678366469712761
40 -668 -95 -110 -315 
44 -2000 -967 -931 -1594 
48 -2000 -1158 -1437 -1800 
52 -1768 -602 -1137 -1136 
56 -955 -396 -616 -631 
60 -477 -222 -363 -347 
64 -382 -126 -347 -315 
68 -207 -142 -173 -157 
72 -175 -47 -63 -78 
76 -111 -63 -63 -126 

1678366469745282
32 -47 +0 -173 +0 
36 -286 -111 -852 -31 
40 -732 -444 -805 -284 
44 -700 -349 -426 -142 
48 -461 -142 -315 -31 
52 -222 -79 -284 -31 
56 -159 -126 -157 -47 
60 -95 -63 -63 -15 

1678366469846909
36 -143 -15 -300 -47 
40 -1130 -253 -1358 -363 
44 -1099 -491 -1374 -442 
48 -509 -333 -695 -331 
52 -302 -285 -394 -252 
56 -254 -222 -315 -157 
60 -111 -79 -189 -63 
64 -79 -47 -126 -31 
68 -63 -47 -110 -31 

1678366469905459
36 -430 -174 +0 +0 
40 -844 -238 +0 +0 
44 -525 -206 +0 +0 
48 -238 -142 -15 +0 
52 -191 -63 +0 +0 

1678366469934028
40 -589 -31 -142 -15 
44 -2000 -333 -947 -157 
48 -2000 -460 -789 -331 
52 -1099 -571 -537 -173 
56 -621 -206 -394 -142 
60 -573 -142 -205 -142 
64 -254 -63 -157 -94 
68 -175 -15 -63 -47 
72 -111 -15 -47 -31 
80 -95 -31 -15 -15 

1678366469983683
36 -318 +0 +0 +0 
40 -605 +0 +0 +0 
44 -366 +0 +0 +0 
48 -191 +0 -15 +0 
52 -127 +0 +0 +0 
56 -79 +0 +0 +0 

1678366470069843
32 -47 +0 +0 -78 
36 -445 -47 -221 -821 
40 -509 -95 -473 -757 
44 -334 -158 -315 -252 
48 -238 -158 -205 -173 
52 -79 -79 -78 -94 
64 -79 -15 -31 -31 

1678366470121430
36 -270 +0 -300 +0 
40 -1210 -79 -1074 -47 
44 -1210 -269 -1105 -205 
48 -605 -253 -505 -126 
52 -270 -95 -205 -63 
56 -127 -47 -173 -94 
60 -127 -31 -110 -31 
64 -79 -47 -47 -15 

1678366470187393
40 -780 -111 -426 -221 
44 -876 -253 -695 -221 
48 -382 -142 -521 -110 
52 -222 -95 -205 -47 
56 -143 -15 -142 -47 
60 -79 -15 -126 -31 
64 -79 -15 -78 -63 
68 -47 +0 -78 -31 

1678366470244662
36 -366 -31 +0 +0 
40 -971 -333 -15 +0 
44 -732 -380 +0 +0 
48 -350 -317 +0 +0 
52 -366 -174 +0 +0 
56 -191 -95 +0 +0 
60 -191 -63 +0 +0 
64 -111 -31 +0 +0 
11844 +0 -79 +0 +0 
11848 +0 -95 +0 +0 

1678366470275278
36 -191 -15 -458 -15 
40 -923 -364 -1026 -221 
44 -1162 -476 -805 -315 
48 -637 -269 -379 -142 
52 -318 -222 -268 -142 
56 -270 -79 -173 -78 
60 -95 -31 -63 -31 

1678366470308032
36 -286 +0 +0 +0 
40 -525 +0 +0 +0 
44 -382 +0 +0 +0 
48 -159 +0 +0 +0 
52 -127 +0 +0 +0 
56 -111 +0 +0 +0 
60 -79 +0 +0 +0 

1678366470326384
36 -127 -15 -252 +0 
40 -748 -269 -1026 -157 
44 -716 -539 -1058 -315 
48 -461 -428 -663 -236 
52 -254 -190 -315 -94 
56 -127 -95 -205 -63 
60 -111 -79 -142 -31 
64 -47 -15 -142 -15 
68 -15 -15 -78 -31 
76 -79 +0 -15 -15 

1678366470411030
36 -159 -142 -173 -31 
40 -557 -349 -363 -47 
44 -653 -301 -347 -173 
48 -430 -158 -205 -126 
52 -207 -63 -110 -63 
56 -175 -47 -47 -31 
60 -159 -31 -31 -15 
64 -79 -47 -31 -15 

1678366470467023
36 -302 -507 -442 -236 
40 -748 -1047 -931 -410 
44 -589 -952 -710 -205 
48 -286 -428 -363 -126 
52 -159 -190 -252 -110 
56 -79 -95 -110 -47 
60 -63 -47 -110 -15 
64 -15 -47 -94 -15 
68 -15 -79 -31 -31 
72 -79 -31 -31 -15 

1678366470539552
36 -159 +0 +0 +0 
40 -573 +0 +0 +0 
44 -461 +0 -31 +0 
48 -302 +0 +0 +0 
52 -207 +0 +0 +0 
56 -79 +0 +0 +0 
60 -79 +0 +0 +0 

1678366470643040
36 -430 -31 -458 -15 
40 -860 -285 -647 -126 
44 -398 -238 -394 -157 
48 -143 -126 -189 -110 
52 -159 -79 -142 -31 
56 -79 -95 -63 -15 

1678366470655645
36 -254 -15 -126 -15 
40 -653 -238 -379 -94 
44 -477 -253 -236 -78 
48 -222 -126 -94 -31 
52 -159 -142 -126 -47 
56 -63 -31 -94 -15 

1678366470795033
36 -318 -79 -537 -47 
40 -621 -428 -852 -205 
44 -430 -428 -537 -205 
48 -159 -222 -315 -110 
52 -159 -79 -189 -78 
56 -175 -31 -94 -47 
60 -47 -111 -63 -15 
64 +0 -79 -31 -15 

1678366470889035
40 -589 -31 -157 -31 
44 -525 -158 -221 -47 
48 -366 -158 -110 -31 
52 -222 -174 -63 -47 
56 -159 -47 -94 -15 
60 -95 +0 -31 -15 

1678366470949968
40 -557 -79 -205 +0 
44 -525 -190 -284 +0 
48 -350 -142 -126 +0 
52 -318 -126 -47 +0 
56 -238 -95 -47 +0 

1678366470970160
36 -493 -47 -315 -142 
40 -509 -253 -284 -189 
44 -222 -253 -189 -142 
48 -143 -79 -126 -47 
52 -127 -31 -142 -47 

1678366471278900
36 -207 -206 -126 -142 
40 -971 -333 -663 -457 
44 -1130 -476 -600 -426 
48 -732 -333 -331 -110 
52 -398 -238 -189 -157 
56 -159 -190 -110 -47 
60 -63 -79 -110 -15 

1678366471382033
36 -414 -238 -300 -221 
40 -684 -317 -552 -378 
44 -414 -142 -410 -205 
48 -238 -206 -173 -142 
52 -127 -95 -63 -78 
56 -63 -79 -47 -63 

1678366471435046
36 -191 +0 -15 +0 
40 -573 +0 +0 +0 
44 -366 +0 +0 +0 
48 -175 +0 +0 +0 
52 -127 +0 +0 +0 

1678366471549028
36 -398 -301 -379 -221 
40 -876 -460 -600 -347 
44 -557 -349 -363 -236 
48 -382 -174 -157 -126 
52 -254 -111 -142 -63 
56 -127 -47 -63 -47 
64 -79 -15 -78 -15 

1678366471670897
36 -175 -47 +0 +0 
40 -509 -111 +0 +0 
44 -398 -190 -15 +0 
48 -270 -158 +0 +0 
52 -207 -47 +0 +0 
56 -95 -63 +0 +0 

1678366471698133
36 -79 -31 -15 -15 
40 -557 -349 -458 -300 
44 -876 -523 -663 -378 
48 -653 -285 -410 -268 
52 -302 -79 -252 -189 
56 -207 -79 -173 -142 
60 -111 -47 -78 -78 
64 -111 -47 -63 -47 
72 -15 +0 -31 -78 

1678366472060042
40 -637 -111 -252 -126 
44 -573 -158 -236 -284 
48 -222 -158 -142 -126 
52 -191 -95 -110 -47 
56 -111 -31 -63 -15 
68 -79 +0 +0 -15 
14460 +0 +0 -78 +0 

1678366472077651
32 +0 +0 -126 -15 
36 -366 -174 -537 -94 
40 -748 -396 -663 -110 
44 -366 -238 -379 -189 
48 -222 -126 -205 -110 
52 -143 -79 -142 -63 
56 -127 -47 -110 -31 
15568 +0 +0 -78 +0 

1678366472181169
36 -79 +0 -63 -15 
40 -732 -142 -379 -78 
44 -1226 -491 -379 -189 
48 -1051 -555 -252 -78 
52 -525 -238 -126 -63 
56 -366 -142 -157 -47 
60 -302 -79 -94 -15 
68 -79 -47 -47 -15 
72 -95 -15 -31 -15 

1678366472284029
40 -605 +0 -15 +0 
44 -923 +0 -47 +0 
48 -509 +0 -15 +0 
52 -254 +0 +0 +0 
56 -175 +0 +0 +0 
60 -175 +0 +0 +0 
868 +0 +0 -78 +0 
11216 +0 +0 -78 +0 

1678366472398157
36 -238 -63 -94 -221 
40 -1003 -618 -410 -410 
44 -828 -587 -505 -426 
48 -461 -222 -236 -252 
52 -286 -95 -142 -142 
56 -207 -142 -94 -126 
60 -127 -95 -47 -126 
64 -31 -31 -110 -63 
68 -79 -31 -47 -78 
72 -79 -15 -15 -63 

1678366472464032
32 +0 -31 -110 +0 
36 -286 -714 -884 -63 
40 -732 -1205 -1121 -268 
44 -923 -936 -979 -394 
48 -637 -444 -631 -236 
52 -366 -301 -347 -126 
56 -175 -190 -284 -110 
60 -111 -63 -173 -78 
64 -95 -158 -78 -47 
68 -79 -111 -94 -47 
84 -15 +0 -78 -15 
496 -79 +0 +0 +0 
916 +0 +0 -78 +0 
7020 +0 +0 -78 +0 
7328 +0 +0 -78 +0 

1678366472561163
36 -270 -333 -363 -284 
40 -525 -714 -584 -536 
44 -557 -507 -394 -315 
48 -398 -285 -221 -189 
52 -143 -190 -157 -126 
56 -127 -111 -63 -63 
60 -79 -47 -63 -63 

1678366472681033
36 -207 -142 -268 -315 
40 -621 -460 -568 -568 
44 -509 -364 -426 -410 
48 -445 -190 -205 -221 
52 -222 -158 -173 -157 
56 -127 -158 -63 -94 
60 -47 -95 -47 -78 

1678366472704521
36 -254 -95 -584 -63 
40 -653 -206 -663 -189 
44 -430 -253 -379 -205 
48 -175 -126 -157 -94 
52 -159 -95 -142 -47 
56 -111 -47 -94 -47 
64 -15 -31 -78 -15 
6520 +0 +0 -78 +0 
13824 +0 +0 -78 +0 

1678366472909900
36 -79 -79 -63 -110 
40 -621 -745 -695 -1026 
44 -1051 -983 -837 -1168 
48 -748 -618 -647 -615 
52 -541 -285 -394 -252 
56 -286 -222 -205 -300 
60 -143 -222 -157 -142 
64 -95 -47 -78 -94 
68 -95 -15 -47 -78 
72 -63 -31 -47 -78 

1678366472991030
36 -382 -15 +0 +0 
40 -780 -15 -31 +0 
44 -525 +0 -15 +0 
48 -143 -31 +0 +0 
52 -127 +0 +0 +0 
56 -95 +0 -15 +0 

1678366473004389
40 -605 -253 +0 +0 
44 -876 -507 +0 +0 
48 -605 -476 -31 +0 
52 -238 -238 -15 +0 
56 -159 -158 +0 +0 
60 -79 -79 +0 +0 
4828 +0 +0 -78 +0 
8132 +0 +0 -78 +0 

1678366473095554
32 -15 -15 -173 +0 
36 -334 -158 -426 -110 
40 -668 -333 -394 -236 
44 -430 -317 -284 -205 
48 -207 -253 -189 -142 
52 -79 -111 -63 -110 
56 -95 -63 -78 -63 
60 -47 -79 -63 -15 
2508 +0 +0 -78 +0 

1678366473242709
36 -382 -206 -315 -31 
40 -1035 -571 -568 -236 
44 -923 -301 -552 -236 
48 -461 -238 -363 -189 
52 -461 -174 -142 -94 
56 -191 -79 -110 -63 
60 -95 -47 -126 -47 
64 -95 +0 -78 -31 
7060 +0 +0 -78 +0 
11840 +0 +0 -78 +0 

1678366473390907
36 -191 -349 -284 -236 
40 -573 -587 -410 -552 
44 -430 -555 -394 -236 
48 -334 -301 -142 -47 
52 -286 -190 -94 -47 
56 -191 -95 -63 -63 

1678366473481022
32 -47 +0 -94 -31 
36 -414 -95 -852 -205 
40 -923 -253 -995 -331 
44 -509 -269 -695 -300 
48 -207 -142 -315 -173 
52 -175 -63 -300 -110 
56 -79 -63 -205 -63 
60 -63 -15 -110 -15 
11180 +0 +0 -78 +0 

1678366473591909
36 -430 -63 -268 -47 
40 -748 -380 -394 -189 
44 -637 -238 -363 -268 
48 -270 -126 -157 -189 
52 -159 -126 -126 -110 
56 -159 -79 -63 -31 
13712 +0 +0 -94 +0 

1678366473694156
36 -79 +0 -300 -15 
40 -557 -63 -473 -205 
44 -445 -190 -363 -189 
48 -270 -174 -236 -78 
52 -159 -111 -173 -31 
56 -79 -63 -78 -15 
2208 +0 +0 -78 +0 
3976 +0 +0 -94 +0 
16248 +0 +0 -78 +0 

1678366473717756
36 -445 -79 -315 -47 
40 -939 -269 -537 -173 
44 -541 -158 -410 -142 
48 -191 -111 -363 -63 
52 -191 -31 -173 -63 
56 -143 -15 -94 -31 
60 -79 +0 -78 -15 
1324 +0 +0 -78 +0 
3908 +0 +0 -78 +0 

1678366473825896
36 -31 -63 -78 -15 
40 -589 -253 -473 -110 
44 -589 -349 -505 -205 
48 -445 -253 -284 -142 
52 -207 -111 -110 -94 
56 -143 -63 -94 -78 
60 -127 -15 -78 -63 
64 -95 -31 -63 -31 
68 -95 -15 -47 -31 

1678366474056909
36 -334 -111 -221 -78 
40 -589 -269 -252 -205 
44 -653 -95 -157 -205 
48 -270 -95 -173 -110 
52 -79 -63 -126 -63 
56 -127 -15 -47 -47 
428 +0 +0 -94 +0 
6200 +0 +0 -78 +0 
7928 +0 +0 -78 +0 

1678366474158915
36 -334 -126 -505 -47 
40 -876 -507 -916 -221 
44 -907 -460 -679 -331 
48 -653 -285 -331 -173 
52 -350 -269 -236 -78 
56 -207 -126 -221 -47 
60 -127 -126 -94 -31 
64 -111 -31 -63 -15 
6956 +0 +0 -78 +0 

1678366474348394
36 -461 +0 +0 +0 
40 -557 +0 -15 +0 
44 -366 +0 -15 +0 
48 -238 +0 -15 +0 
52 -143 +0 +0 +0 
1648 +0 +0 -78 +0 

1678366474500161
36 -350 -269 -236 -221 
40 -907 -444 -379 -268 
44 -589 -238 -236 -142 
48 -382 -79 -142 -110 
52 -254 -63 -110 -47 
56 -159 -47 -63 -31 
68 -79 +0 -47 -31 

1678366474553158
36 -445 +0 +0 +0 
40 -557 +0 -15 +0 
44 -318 +0 +0 +0 
48 -191 +0 -15 +0 
52 -111 +0 -31 +0 
56 -127 +0 -31 +0 
2284 +0 +0 -94 +0 
3448 +0 +0 -78 +0 
5224 +0 +0 -78 +0 
9400 +0 +0 -78 +0 
12488 +0 +0 -78 +0 
13804 +0 +0 -78 +0 

1678366474601956
36 -159 +0 -15 +0 
40 -1115 +0 -15 +0 
44 -844 +0 -15 +0 
48 -270 -15 +0 +0 
52 -95 +0 +0 +0 
56 -175 +0 +0 +0 
64 -79 +0 -47 -15 

1678366474664172
36 -366 -47 -15 +0 
40 -700 -174 -15 +0 
44 -525 -317 +0 +0 
48 -302 -206 -15 +0 
52 -286 -79 -15 +0 
56 -159 -15 +0 +0 
6172 +0 +0 -78 +0 
8728 +0 +0 -78 +0 
10144 +0 +0 -78 +0 

1678366474750897
36 -175 -31 -205 -47 
40 -812 -301 -426 -173 
44 -668 -285 -300 -221 
48 -286 -174 -173 -110 
52 -143 -142 -110 -126 
56 -143 -95 -78 -63 

1678366474860902
40 -653 -825 -205 +0 
44 -1067 -714 -363 +0 
48 -653 -539 -157 +0 
52 -286 -349 -110 +0 
56 -207 -190 -110 +0 
60 -159 -95 -31 +0 
64 -47 -111 -15 +0 
68 -31 -79 -15 +0 
1328 +0 +0 -78 +0 
5928 +0 +0 -78 +0 
15944 +0 +0 -78 +0 

1678366475107026
40 -1003 +0 +0 +0 
44 -2000 +0 +0 +0 
48 -2000 +0 -15 +0 
52 -1242 +0 +0 +0 
56 -668 +0 +0 +0 
60 -509 +0 +0 +0 
64 -207 +0 +0 +0 
68 -222 +0 -15 +0 
72 -254 +0 -15 +0 
76 -127 +0 +0 +0 
84 -95 +0 -15 +0 

1678366475129257
36 -238 -31 -268 -31 
40 -621 -158 -521 -47 
44 -445 -174 -300 -63 
48 -175 -63 -157 -126 
52 -111 -47 -126 -31 
56 -95 -31 -94 -31 
2872 +0 +0 -94 +0 
11892 +0 +0 -94 +0 
15944 +0 +0 -78 +0 

1678366475282158
36 -445 +0 -15 +0 
40 -748 +0 +0 +0 
44 -573 +0 +0 +0 
48 -286 +0 -31 +0 
52 -143 +0 -15 +0 
56 -143 +0 +0 +0 
16308 +0 +0 -78 +0 

1678366475353903
36 -63 +0 -173 +0 
40 -748 -142 -868 -31 
44 -605 -444 -884 -47 
48 -477 -333 -584 -78 
52 -238 -238 -394 -94 
56 -222 -142 -126 -78 
60 -191 -79 -78 -15 
64 -111 -63 -110 -31 
7812 +0 +0 -78 +0 

1678366475576891
36 -430 +0 +0 +0 
40 -1274 +0 +0 +0 
44 -939 +0 +0 +0 
48 -493 +0 +0 +0 
52 -191 +0 +0 +0 
56 -127 +0 +0 +0 
60 -143 +0 +0 +0 

1678366475628786
36 -15 -31 -126 -31 
40 -605 -840 -852 -94 
44 -1194 -1475 -1058 -157 
48 -971 -1015 -837 -110 
52 -525 -491 -537 -78 
56 -270 -253 -315 -47 
60 -270 -142 -173 -94 
64 -127 -158 -94 -31 
68 -95 -95 -63 -15 
72 -95 -47 -31 -15 
80 -79 -15 -31 +0 
7484 +0 +0 -78 +0 
7644 +0 +0 -78 +0 
14628 +0 +0 -78 +0 
16072 +0 +0 -78 +0 

1678366475773907
40 -605 -15 -142 +0 
44 -1481 -253 -63 +0 
48 -1210 -364 -15 +0 
52 -700 -126 -47 +0 
56 -430 -126 -15 +0 
60 -302 -126 +0 +0 
64 -127 -31 -15 +0 
200 -31 +0 -78 +0 
14712 +0 +0 -94 +0 

1678366475822705
40 -589 -333 -442 -63 
44 -812 -460 -568 -173 
48 -430 -364 -363 -142 
52 -398 -206 -142 -63 
56 -222 -63 -126 -15 
60 -63 -31 -94 -31 
64 -63 -47 -78 -15 
68 -95 +0 -63 -15 
3624 +0 +0 -94 +0 
6484 +0 +0 -78 +0 
11716 +0 +0 -94 +0 

1678366475976916
36 -350 +0 +0 +0 
40 -796 +0 -31 +0 
44 -477 +0 -31 +0 
48 -222 +0 -15 +0 
52 -191 +0 -15 +0 
56 -175 +0 +0 +0 

1678366476046931
36 -191 +0 -31 +0 
40 -541 +0 -15 +0 
44 -318 +0 +0 +0 
48 -207 +0 +0 +0 
52 -207 +0 +0 +0 
56 -95 +0 -15 +0 
64 -111 +0 +0 +0 
684 +0 +0 -78 +0 
13748 +0 +0 -78 +0 
16124 +0 +0 -78 +0 

1678366476280904
36 -191 +0 -94 +0 
40 -1242 +0 -94 +0 
44 -1226 +0 -15 +0 
48 -828 +0 -15 +0 
52 -366 +0 -15 +0 
56 -191 +0 -15 +0 
60 -127 +0 -31 +0 
64 -143 +0 +0 +0 
8080 +0 +0 -78 +0 
13504 +0 +0 -78 +0 
16368 +0 +0 -78 +0 

1678366476456023
32 -238 -79 -268 -110 
36 -493 -269 -442 -142 
40 -653 -238 -458 -142 
44 -270 -269 -173 -94 
48 -191 -111 -94 -78 
52 -127 -31 -94 -63 
56 -31 -31 -94 -15 

1678366476544073
32 -95 +0 -15 +0 
36 -414 -79 +0 +0 
40 -525 -142 -63 +0 
44 -445 -190 -47 +0 
48 -191 -158 +0 +0 
52 -95 -63 -47 +0 
1764 +0 +0 -94 +0 
6240 +0 +0 -110 +0 
11920 +0 +0 -78 +0 

1678366476677898
32 -79 +0 -47 +0 
36 -445 -63 -157 +0 
40 -700 -47 -173 +0 
44 -541 -15 -63 +0 
48 -159 +0 -31 +0 
52 -127 -15 -31 +0 

1678366476755022
36 -238 +0 -15 +0 
40 -700 +0 -31 +0 
44 -923 +0 -31 +0 
48 -525 +0 -15 +0 
52 -254 +0 -47 +0 
56 -222 +0 -31 +0 
60 -127 +0 -31 +0 

1678366476803453
36 -207 +0 +0 +0 
40 -637 +0 +0 +0 
44 -398 +0 +0 +0 
48 -111 +0 -15 +0 
52 -79 +0 -31 +0 
1332 +0 +0 -78 +0 
6432 +0 +0 -78 +0 
9624 +0 +0 -78 +0 
10828 +0 +0 -78 +0 
15408 +0 +0 -78 +0 

1678366476815173
40 -573 -126 -616 -47 
44 -1051 -412 -710 -142 
48 -653 -364 -410 -126 
52 -382 -174 -315 -63 
56 -286 -111 -173 -31 
60 -207 -31 -110 -15 
8912 +0 +0 -78 +0 
15988 +0 +0 -78 +0 

1678366476912030
40 -621 +0 -15 +0 
44 -477 +0 -15 +0 
48 -254 +0 +0 +0 
52 -254 +0 -15 +0 
56 -79 +0 +0 +0 
3008 +0 +0 -78 +0 
4980 +0 +0 -78 +0 
5148 +0 +0 -78 +0 
5484 +0 +0 -78 +0 
11484 +0 +0 -78 +0 

1678366476990039
36 -111 -15 -663 +0 
40 -796 -158 -1026 +0 
44 -1003 -349 -789 +0 
48 -525 -349 -315 +0 
52 -254 -206 -157 +0 
56 -175 -79 -126 +0 
60 -111 -111 -78 +0 
64 -79 -31 -47 +0 
68 -79 -15 -31 +0 
1660 +0 +0 -78 +0 

1678366477083041
36 -461 +0 +0 +0 
40 -1449 +0 -15 +0 
44 -1274 +0 -15 +0 
48 -732 +0 -15 +0 
52 -366 +0 -15 +0 
56 -254 +0 -15 +0 
60 -111 +0 +0 +0 
64 -79 +0 +0 +0 

1678366477486020
36 -47 +0 -94 +0 
40 -605 -47 -837 +0 
44 -1338 -206 -1121 +0 
48 -939 -206 -758 +0 
52 -414 -174 -426 +0 
56 -191 -95 -173 +0 
60 -222 -111 -142 +0 
64 -222 -63 -110 +0 
68 -79 -47 -94 +0 
76 -127 +0 -31 +0 
9168 +0 +0 -78 +0 

1678366477646900
36 -366 +0 +0 +0 
40 -828 +0 +0 +0 
44 -366 +0 -31 +0 
48 -286 +0 -15 +0 
52 -175 +0 +0 +0 

1678366477705797
36 -238 +0 -15 +0 
40 -509 +0 -15 +0 
44 -509 +0 +0 +0 
48 -302 +0 +0 +0 
52 -159 +0 +0 +0 
56 -95 +0 +0 +0 
4704 +0 +0 -78 +0 

1678366477725672
36 -175 +0 +0 +0 
40 -557 +0 +0 +0 
44 -398 +0 -15 +0 
48 -222 +0 -15 +0 
52 -207 +0 +0 +0 
56 -127 +0 +0 +0 
60 -127 +0 +0 +0 
11620 +0 +0 -78 +0 

1678366477757532
32 -47 -63 -284 -110 
36 -366 -460 -821 -410 
40 -525 -523 -726 -505 
44 -318 -380 -600 -252 
48 -175 -285 -363 -173 
52 -159 -126 -221 -189 
56 -79 -111 -205 -63 
60 -63 -95 -157 -94 
64 -63 -15 -126 -63 
676 +0 +0 -78 +0 
14016 +0 +0 -78 +0 

1678366477802111
36 -191 -126 -205 -78 
40 -509 -253 -331 -205 
44 -398 -253 -205 -205 
48 -238 -95 -157 -221 
52 -191 -15 -126 -78 
56 -111 -31 -47 -15 
8036 +0 +0 -78 +0 
15632 +0 +0 -78 +0 

1678366477853312
36 -95 +0 +0 +0 
40 -541 +0 +0 +0 
44 -366 +0 +0 +0 
2216 +0 +0 -78 +0 
5476 +0 +0 -78 +0 
8376 +0 +0 -94 +0 
15536 +0 +0 -78 +0 

1678366477965038
40 -573 +0 -15 +0 
44 -541 +0 +0 +0 
48 -318 +0 +0 +0 
52 -127 +0 +0 +0 

1678366478065913
36 -334 +0 -15 +0 
40 -525 +0 -15 +0 
44 -207 +0 +0 +0 
48 -95 +0 -31 +0 
52 -111 +0 -15 +0 

1678366478079533
36 -318 -126 -331 -110 
40 -605 -301 -410 -173 
44 -382 -206 -236 -315 
48 -238 -158 -205 -110 
52 -175 -158 -142 -31 
56 -79 -63 -78 -47 
64 -47 -95 -31 -31 
1584 +0 +0 -78 +0 
7964 +0 +0 -78 +0 

1678366478124281
40 -1338 -269 +0 +0 
44 -2000 -967 +0 +0 
48 -2000 -904 +0 +0 
52 -1401 -476 -15 +0 
56 -939 -317 +0 +0 
60 -684 -222 -15 +0 
64 -366 -142 -15 +0 
68 -175 -142 +0 +0 
72 -222 -63 -15 +0 
76 -127 -47 -15 +0 
108 -79 -15 -31 +0 

1678366478198896
32 -79 -31 -31 +0 
36 -382 -47 -47 +0 
40 -557 -142 -31 +0 
44 -318 -111 -78 +0 
48 -143 -15 -63 +0 
52 -111 -15 -15 +0 
56 -79 -15 -15 +0 
76 -79 +0 +0 +0 

1678366478372033
36 -207 -15 -394 -31 
40 -637 -190 -616 -110 
44 -461 -238 -473 -142 
48 -207 -285 -252 -110 
52 -111 -126 -252 -31 
56 -111 -47 -126 -15 
732 +0 +0 -78 +0 
1896 +0 +0 -78 +0 
6436 +0 +0 -78 +0 

1678366478386892
40 -716 +0 +0 +0 
44 -1019 +0 +0 +0 
48 -541 +0 -15 +0 
52 -270 +0 -31 +0 
56 -286 +0 -47 +0 
60 -175 +0 -15 +0 

1678366478499896
36 -175 -15 -205 -63 
40 -1194 -269 -679 -410 
44 -1385 -380 -758 -473 
48 -844 -285 -505 -221 
52 -302 -126 -221 -157 
56 -222 -63 -157 -63 
60 -207 -79 -94 -94 
64 -79 -47 -78 -47 
68 -79 -31 -63 -63 
72 -95 -15 -15 -31 
5292 +0 +0 -78 +0 
9024 +0 +0 -78 +0 

1678366478821037
36 -63 -174 -94 -94 
40 -509 -317 -300 -378 
44 -414 -301 -489 -189 
48 -254 -158 -284 -126 
52 -222 -158 -94 -189 
56 -111 -79 -94 -63 
552 +0 +0 -78 +0 
12252 +0 +0 -78 +0 
16096 +0 +0 -78 +0 

1678366479045642
36 -111 +0 +0 +0 
40 -653 +0 -63 +0 
44 -430 +0 -31 +0 
48 -238 +0 +0 +0 
52 -191 +0 -15 +0 
56 -95 +0 -47 +0 

1678366526017666
36 -207 +0 +0 +0 
40 -1290 +0 +0 +0 
44 -907 +0 +0 +0 
48 -286 +0 +0 +0 
52 -286 +0 +0 +0 
56 -143 +0 +0 +0 
64 -111 +0 +0 +0 

1678366527728037
36 -79 +0 +0 +0 
40 -1433 -63 -110 +0 
44 -1608 -253 -315 -78 
48 -1067 -491 -252 -173 
52 -541 -412 -252 -126 
56 -318 -222 -157 -78 
60 -207 -174 -78 -31 
64 -143 -126 -63 -31 
68 -159 -79 -63 -47 
72 -111 -31 -15 -15 

1678366527980019
40 -1656 -47 -110 +0 
44 -2000 -174 -78 +0 
48 -1863 -158 -31 +0 
52 -907 -126 -15 +0 
56 -350 -95 +0 +0 
60 -286 -79 +0 +0 
64 -207 -15 +0 +0 
68 -175 -47 -15 +0 
72 -111 -15 +0 +0 

1678366529293166
32 -31 -31 -157 +0 
36 -621 -539 -1279 -31 
40 -1130 -999 -1484 -173 
44 -780 -761 -1026 -173 
48 -477 -491 -695 -94 
52 -350 -349 -379 -78 
56 -238 -158 -236 -78 
60 -111 -126 -173 -63 
64 -63 -79 -94 -47 
68 -127 -31 -94 -15 

1678366529385909
36 -270 -47 -236 +0 
40 -1115 -285 -710 +0 
44 -1226 -396 -647 +0 
48 -923 -476 -315 +0 
52 -541 -174 -142 +0 
56 -222 -63 -110 +0 
60 -222 -63 -94 +0 
64 -127 -31 -63 +0 

1678366529471896
36 -589 -31 -489 +0 
40 -1146 -79 -995 +0 
44 -891 -126 -726 +0 
48 -573 -95 -300 +0 
52 -318 -111 -236 +0 
56 -143 -47 -110 +0 
68 -111 -31 -15 +0 

1678366529691029
36 -207 -79 -410 -268 
40 -1210 -444 -979 -884 
44 -1019 -507 -995 -805 
48 -461 -174 -726 -394 
52 -302 -238 -315 -363 
56 -191 -126 -173 -205 
60 -127 -15 -142 -110 
64 -95 -15 -63 -63 
68 -95 -15 -78 -47 
72 -31 -15 -78 -15 

1678366529877160
36 -860 -190 -821 -205 
40 -1784 -761 -1026 -442 
44 -1290 -634 -884 -315 
48 -812 -412 -695 -268 
52 -461 -238 -331 -110 
56 -254 -206 -221 -157 
60 -175 -126 -205 -63 
64 -111 -31 -78 -31 
68 -79 -31 -78 -15 
72 -63 -31 -94 -15 
128 +0 +0 -78 +0 
5232 +0 +0 -78 +0 

1678366529905899
36 -732 -15 -426 -47 
40 -1003 -79 -695 -63 
44 -557 -174 -552 -47 
48 -350 -111 -252 -63 
52 -238 -111 -94 -63 
56 -159 -79 -63 -15 
60 -79 -31 -78 +0 
64 -31 -15 -94 -15 
2200 +0 +0 -78 +0 

1678366529981915
36 -238 -95 -473 -15 
40 -1433 -602 -1168 -489 
44 -1672 -1316 -1247 -726 
48 -1051 -920 -1026 -315 
52 -573 -444 -552 -300 
56 -334 -317 -315 -173 
60 -350 -285 -221 -78 
64 -175 -79 -189 -94 
68 -63 -111 -94 -78 
72 -31 -142 -63 -78 
76 -15 -63 -110 -47 
80 +0 -31 -78 -31 

1678366530707029
36 -95 +0 -15 +0 
40 -1019 -111 -300 +0 
44 -1162 -333 -631 -47 
48 -716 -333 -442 -31 
52 -254 -95 -331 -31 
56 -207 -47 -347 -31 
60 -127 -79 -221 -15 
64 -47 -15 -142 -15 
68 -31 -31 -78 +0 
3928 +0 +0 -78 +0 
13820 +0 +0 -78 +0 

1678366531399396
36 -445 -206 -331 +0 
40 -1353 -666 -837 +0 
44 -1083 -444 -789 +0 
48 -637 -364 -426 +0 
52 -477 -253 -300 +0 
56 -207 -158 -173 +0 
60 -159 -95 -63 +0 
64 -143 -47 -31 +0 
68 -111 -15 -63 +0 
1920 +0 +0 -78 +0 
4960 +0 +0 -78 +0 

1678366532079902
36 -302 -15 -110 +0 
40 -1991 -222 -663 -94 
44 -2000 -523 -647 -315 
48 -1353 -491 -363 -110 
52 -621 -222 -189 -78 
56 -461 -126 -126 -47 
60 -318 -95 -157 -31 
64 -254 -47 -94 -15 
68 -127 -15 -47 -15 
72 -127 +0 -31 -15 
76 -95 -31 -15 -15 
936 +0 +0 -78 +0 
4648 +0 +0 -78 +0 

1678366532935533
36 -63 +0 -78 +0 
40 -1003 +0 -78 +0 
44 -1178 -95 -31 +0 
48 -653 -126 -15 +0 
52 -461 -63 -15 +0 
56 -238 -95 -15 +0 
60 -111 -47 +0 +0 
68 -15 -79 +0 +0 
3200 +0 +0 -78 +0 
4168 +0 +0 -78 +0 
13040 +0 +0 -78 +0 

1678366533025036
36 -525 -31 -15 -63 
40 -1449 -285 -173 -363 
44 -1242 -301 -173 -457 
48 -541 -158 -268 -157 
52 -398 -126 -126 -94 
56 -270 -111 -31 -110 
60 -127 -79 -47 -78 
1300 +0 +0 -78 +0 
3708 +0 +0 -78 +0 
6192 +0 +0 -78 +0 
11864 +0 +0 -78 +0 
12012 +0 +0 -78 +0 

1678366533405899
32 -175 -238 -442 -252 
36 -971 -967 -837 -584 
40 -1242 -1015 -789 -489 
44 -764 -666 -679 -410 
48 -430 -301 -458 -205 
52 -286 -206 -252 -126 
56 -238 -95 -205 -94 
60 -111 -111 -157 -63 
64 -95 -47 -94 -31 
68 -47 -63 -78 -31 
72 -63 -63 -78 -15 
76 -79 -15 -31 -47 
2860 +0 +0 -78 +0 
3268 +0 +0 -78 +0 
7392 +0 +0 -94 +0 
7396 +0 +0 -78 +0 
11528 +0 +0 -78 +0 

1678366533603901
36 -493 -47 -410 -47 
40 -1162 -333 -742 -221 
44 -732 -555 -600 -252 
48 -382 -380 -315 -110 
52 -222 -301 -236 -63 
56 -191 -190 -221 -78 
60 -143 -47 -78 -47 
64 -111 -47 -15 -31 
1756 -143 +0 +0 +0 
1760 -95 +0 -31 +0 
14240 +0 +0 -78 +0 

1678366534418407
16 -95 +0 -15 +0 
20 -79 +0 -15 +0 
24 -127 +0 -15 +0 
28 -207 +0 +0 +0 
32 -382 +0 +0 +0 
36 -541 +0 +0 +0 
40 -1226 +0 +0 +0 
44 -1051 +0 -31 +0 
48 -971 +0 -15 +0 
52 -1019 +0 +0 +0 
56 -1306 +0 -31 +0 
60 -1385 +0 -31 +0 
64 -1083 +0 -15 +0 
68 -1226 +0 -15 +0 
72 -1242 +0 +0 +0 
76 -1019 +0 -31 +0 
80 -780 +0 -15 +0 
84 -732 +0 +0 +0 
88 -541 +0 +0 +0 
92 -509 +0 -31 +0 
96 -414 +0 +0 +0 
100 -398 +0 -15 +0 
104 -222 +0 +0 +0 
108 -286 +0 +0 +0 
112 -286 +0 -15 +0 
116 -191 +0 +0 +0 
120 -191 +0 +0 +0 
124 -143 +0 +0 +0 
128 -111 +0 +0 +0 
132 -175 +0 +0 +0 
140 -79 +0 -15 +0 
144 -79 +0 -15 +0 
8676 +0 +0 -78 +0 
9008 +0 +0 -78 +0 
10164 +0 +0 -94 +0 
15780 +0 +0 -78 +0 

1678366534518167
36 -270 +0 -94 +0 
40 -1067 +0 -47 +0 
44 -828 +0 -31 +0 
48 -398 +0 -31 +0 
52 -207 +0 +0 +0 
56 -175 +0 +0 +0 
60 -111 +0 +0 +0 
64 -111 +0 +0 +0 
1084 +0 +0 -78 +0 
9836 +0 +0 -78 +0 
9880 +0 +0 -78 +0 

1678366535368159
36 -350 -63 -347 -110 
40 -1019 -412 -758 -615 
44 -1083 -476 -616 -600 
48 -430 -190 -363 -473 
52 -222 -126 -347 -252 
56 -191 -95 -173 -157 
60 -95 -79 -126 -126 
64 -31 -63 -78 -63 
688 +0 +0 +0 -173 
692 +0 +0 +0 -142 
696 +0 +0 +0 -94 
1340 +0 +0 -78 +0 
5764 +0 +0 -78 +0 
6824 +0 +0 -78 +0 
16196 +0 +0 -78 +0 

1678366535454906
40 -1099 -460 -173 +0 
44 -1561 -1015 -584 -63 
48 -1258 -745 -568 -126 
52 -732 -396 -347 -126 
56 -541 -333 -236 -78 
60 -238 -174 -189 -31 
64 -191 -174 -63 -15 
68 -143 -79 -47 -31 

1678366535681166
40 -1067 -15 -78 +0 
44 -1959 -111 -205 -142 
48 -1115 -317 -173 -221 
52 -398 -158 -63 -126 
56 -445 -95 -63 -31 
60 -238 -47 -47 -31 
64 -95 +0 -15 -94 
68 -143 -47 +0 -31 
268 +0 +0 -78 +0 
9176 +0 +0 -78 +0 

1678366536288907
36 -175 +0 -15 +0 
40 -1130 +0 -31 +0 
44 -1608 +0 -31 +0 
48 -812 +0 -15 +0 
52 -222 +0 -15 +0 
56 -207 +0 -15 +0 
60 -191 +0 -15 +0 
64 -111 +0 -15 +0 
788 +0 +0 -78 +0 
4032 +0 +0 -78 +0 
14236 +0 +0 -78 +0 
15780 +0 +0 -78 +0 

1678366537418648
36 -143 +0 -15 +0 
40 -1067 +0 -15 +0 
44 -907 +0 +0 +0 
48 -477 +0 -15 +0 
52 -302 +0 -15 +0 
56 -127 +0 -31 +0 
60 -79 +0 +0 +0 
2416 +0 +0 -78 +0 
5040 +0 +0 -78 +0 
5852 +0 +0 -78 +0 
6036 +0 +0 -78 +0 
8040 +0 +0 -78 +0 
11008 +0 +0 -78 +0 
13104 +0 +0 -94 +0 

1678366537473288
36 -621 -460 -363 -63 
40 -1035 -698 -568 -126 
44 -557 -349 -473 -126 
48 -302 -111 -205 -63 
52 -238 -126 -110 -31 
56 -95 -79 -78 -15 
60 -111 -15 -47 -31 
984 +0 +0 -78 +0 
11720 +0 +0 -94 +0 

1678366537581033
36 -366 +0 -15 +0 
40 -1067 +0 +0 +0 
44 -748 +0 +0 +0 
48 -366 +0 -31 +0 
52 -222 +0 +0 +0 
56 -111 +0 +0 +0 
11504 +0 +0 -78 +0 
12496 +0 +0 -78 +0 

1678366537711031
36 -955 +0 -31 +0 
40 -1911 -15 -47 +0 
44 -1768 -95 -15 +0 
48 -923 -31 +0 +0 
52 -493 +0 +0 +0 
56 -286 +0 -15 +0 
60 -175 -15 -15 +0 
64 -79 +0 +0 +0 
68 -79 +0 +0 +0 
6964 +0 +0 -78 +0 

1678366537791056
32 -15 -63 -126 +0 
36 -366 -698 -868 -47 
40 -1210 -999 -1137 -173 
44 -1067 -698 -947 -252 
48 -700 -460 -695 -189 
52 -430 -222 -347 -94 
56 -270 -111 -205 -47 
60 -143 -47 -157 -31 
64 -111 -95 -94 -31 
68 -47 -79 -78 -15 
608 +0 +0 -78 +0 
15464 +0 +0 -78 +0 

1678366538605919
36 -95 +0 -189 -31 
40 -1067 -47 -710 -63 
44 -1130 -238 -726 -173 
48 -700 -174 -489 -126 
52 -350 -95 -284 -78 
56 -238 -95 -173 -78 
60 -159 -111 -110 -47 
64 -47 -63 -94 -15 
8392 +0 +0 -78 +0 
14704 +0 +0 -78 +0 
16156 +0 +0 -94 +0 

1678366538661380
32 -95 +0 -110 +0 
36 -860 -126 -710 +0 
40 -1035 -317 -742 -142 
44 -589 -253 -394 -94 
48 -414 -158 -189 -78 
52 -207 -63 -110 -78 
56 -111 -15 -126 -47 
60 -79 -31 -47 -15 
5232 +0 +0 -78 +0 

1678366538990028
32 -15 +0 -94 +0 
36 -637 +0 -458 +0 
40 -2000 -31 -157 +0 
44 -2000 -15 +0 +0 
48 -1720 -31 -78 +0 
52 -828 +0 -47 +0 
56 -557 +0 +0 +0 
60 -398 +0 -15 +0 
64 -222 +0 +0 +0 
68 -127 -31 +0 +0 
80 -95 +0 -31 +0 
92 -31 +0 -78 +0 
920 +0 +0 -78 +0 
2332 +0 +0 -78 +0 
10836 +0 +0 -78 +0 
11360 +0 +0 -78 +0 
13004 +0 +0 -78 +0 
15208 +0 +0 -78 +0 

1678366539353905
36 -350 -79 -205 -15 
40 -1003 -317 -505 -126 
44 -700 -238 -473 -189 
48 -493 -317 -221 -126 
52 -302 -174 -78 -63 
56 -127 -95 -110 -63 
60 -63 -63 -78 -15 
76 -79 +0 -15 +0 
292 +0 +0 -78 +0 
2428 +0 +0 -78 +0 
3800 +0 +0 -78 +0 
9324 +0 +0 -78 +0 

1678366540061401
36 -79 +0 +0 +0 
40 -1736 +0 -15 +0 
44 -2000 +0 +0 +0 
48 -2000 +0 -15 +0 
52 -2000 +0 -15 +0 
56 -2000 +0 -47 +0 
60 -1847 +0 -15 +0 
64 -939 +0 -15 +0 
68 -573 +0 +0 +0 
72 -493 +0 +0 +0 
76 -398 +0 -15 +0 
80 -222 +0 +0 +0 
84 -286 +0 +0 +0 
88 -159 +0 -47 +0 
92 -111 +0 -15 +0 
96 -111 +0 +0 +0 
100 -79 +0 +0 +0 
108 -79 +0 +0 +0 
1052 +0 +0 -78 +0 
1216 +0 +0 -78 +0 
4632 +0 +0 -78 +0 
7808 +0 +0 -78 +0 
15160 +0 +0 -78 +0 
16032 +0 +0 -78 +0 
16284 +0 +0 -78 +0 

1678366540114535
36 -143 -15 -157 -31 
40 -1146 -460 -647 -205 
44 -1194 -729 -616 -268 
48 -668 -523 -473 -173 
52 -302 -364 -221 -78 
56 -238 -253 -126 -47 
60 -143 -126 -94 -47 
64 -79 -95 -110 -31 
1260 +0 +0 -94 +0 
3988 +0 +0 -78 +0 
9440 +0 +0 -78 +0 
10712 +0 +0 -78 +0 

1678366540171044
36 -541 +0 -78 +0 
40 -1529 +0 -78 +0 
44 -1274 +0 -15 +0 
48 -748 +0 -31 +0 
52 -509 +0 -47 +0 
56 -238 +0 -47 +0 
60 -79 +0 -15 +0 
68 -79 +0 -15 +0 
10476 +0 +0 -78 +0 
12140 +0 +0 -78 +0 
12592 +0 +0 -78 +0 
15648 +0 +0 -78 +0 

1678366540430905
36 -509 -174 -300 -126 
40 -1258 -936 -600 -410 
44 -907 -682 -410 -221 
48 -732 -476 -221 -78 
52 -350 -269 -205 -31 
56 -159 -206 -110 -47 
60 -175 -142 -63 -15 
64 -143 -95 -63 -15 
68 -47 -95 -15 -15 
72 -31 -79 -31 -15 
468 +0 +0 -78 +0 
4332 +0 +0 -94 +0 
7556 +0 +0 -94 +0 
14240 +0 +0 -78 +0 
15624 +0 +0 -78 +0 

1678366542484032
36 -270 -15 +0 +0 
40 -2000 -269 +0 +0 
44 -2000 -1380 +0 +0 
48 -2000 -1110 +0 +0 
52 -1162 -523 +0 +0 
56 -748 -317 +0 +0 
60 -589 -238 +0 +0 
64 -398 -142 +0 +0 
68 -175 -126 +0 +0 
72 -191 -63 +0 +0 
76 -95 -15 +0 +0 
80 -111 -15 +0 +0 
84 -159 -47 +0 +0 

1678366542639900
36 -605 +0 -15 +0 
40 -1513 -15 -15 +0 
44 -1019 -15 -31 +0 
48 -509 -15 -15 +0 
52 -270 +0 -15 +0 
56 -159 -15 -15 +0 
60 -79 +0 +0 +0 
1772 +0 +0 -78 +0 
5824 +0 +0 -78 +0 
7220 +0 +0 -78 +0 
8076 +0 +0 -78 +0 

1678366542834039
36 -47 -15 -473 +0 
40 -1099 -380 -1042 -15 
44 -1799 -840 -1026 -15 
48 -1481 -761 -837 -15 
52 -907 -396 -584 -15 
56 -382 -222 -363 +0 
60 -430 -126 -252 +0 
64 -207 -79 -126 +0 
68 -63 -63 -189 +0 
72 -47 -63 -78 +0 
80 -95 +0 -63 +0 

1678366543465775
36 -477 -174 -142 -221 
40 -1226 -476 -458 -252 
44 -1019 -364 -379 -189 
48 -557 -206 -173 -94 
52 -382 -79 -173 -94 
56 -254 -63 -126 -47 
60 -127 -47 -63 -78 
68 -111 -15 -31 -31 
712 +0 +0 -78 +0 
5556 +0 +0 -78 +0 
11148 +0 +0 -78 +0 
11288 +0 +0 -78 +0 
12956 +0 +0 -78 +0 

1678366543605282
36 -876 +0 -15 +0 
40 -2000 -79 +0 +0 
44 -1640 -206 +0 +0 
48 -923 -206 -15 +0 
52 -573 -95 +0 +0 
56 -270 -47 +0 +0 
60 -159 -47 +0 +0 
64 -111 -79 +0 +0 
68 -111 -47 +0 +0 
8368 +0 +0 -78 +0 
15140 +0 +0 -78 +0 

1678366543703908
36 -302 -63 -126 -31 
40 -1003 -253 -331 -205 
44 -1003 -238 -205 -252 
48 -541 -111 -142 -78 
52 -366 -63 -142 -31 
56 -254 -63 -78 -15 
60 -127 -15 -47 -47 
10624 +0 +0 -94 +0 

1678366544211037
36 -509 -47 -505 -15 
40 -1624 -238 -884 -363 
44 -1369 -364 -868 -426 
48 -684 -333 -726 -252 
52 -430 -206 -315 -236 
56 -207 -142 -268 -236 
60 -95 -47 -142 -126 
64 -79 -15 -63 -31 
924 +0 +0 -78 +0 
7336 +0 +0 -78 +0 
7692 +0 +0 -78 +0 

1678366544961524
36 -525 -47 -505 -78 
40 -1019 -253 -679 -315 
44 -748 -317 -410 -221 
48 -286 -174 -331 -110 
52 -143 -63 -221 -63 
56 -159 -63 -78 -78 
60 -63 -15 -126 -47 
64 -31 +0 -78 -15 

1678366545012760
4 -95 +0 -15 +0 
8 -143 +0 -47 +0 
12 -191 +0 -47 +0 
16 -302 +0 -15 +0 
20 -334 +0 +0 +0 
24 -445 +0 -15 +0 
28 -860 +0 +0 +0 
32 -891 +0 +0 +0 
36 -939 +0 +0 +0 
40 -1099 +0 -47 +0 
44 -1115 +0 -15 +0 
48 -1194 +0 -15 +0 
52 -1162 +0 -63 +0 
56 -1083 +0 -31 +0 
60 -971 +0 +0 +0 
64 -1035 +0 -15 +0 
68 -1003 +0 -15 +0 
72 -955 +0 -15 +0 
76 -541 +0 -15 +0 
80 -414 +0 +0 +0 
84 -445 +0 -15 +0 
88 -430 +0 -15 +0 
92 -334 +0 -15 +0 
96 -398 +0 -31 +0 
100 -270 +0 -47 +0 
104 -286 +0 -15 +0 
108 -222 +0 +0 +0 
112 -175 +0 -15 +0 
116 -127 +0 -47 +0 
120 -79 +0 -15 +0 
128 -111 +0 +0 +0 
132 -79 +0 +0 +0 
4872 +0 +0 -78 +0 

1678366545198912
36 -47 +0 -78 +0 
40 -1146 -79 -726 -31 
44 -1497 -380 -742 -157 
48 -891 -333 -600 -173 
52 -461 -238 -442 -63 
56 -254 -158 -300 -78 
60 -207 -79 -126 -31 
64 -159 -31 -31 -31 
2568 +0 +0 -78 +0 
3816 +0 +0 -78 +0 
9224 +0 +0 -78 +0 

1678366545320906
36 -31 +0 -157 +0 
40 -1067 -47 -773 +0 
44 -1338 -142 -868 -31 
48 -716 -222 -710 -110 
52 -605 -174 -537 -78 
56 -398 -47 -252 -63 
60 -127 +0 -157 -31 
64 -63 -31 -78 -15 
68 -63 +0 -78 -15 
72 -63 +0 -94 +0 
6684 +0 +0 -78 +0 
8612 +0 +0 -78 +0 
15316 +0 +0 -78 +0 

1678366545673911
36 -79 +0 -221 +0 
40 -1130 -95 -742 -110 
44 -1115 -285 -679 -315 
48 -621 -285 -347 -252 
52 -350 -174 -173 -142 
56 -175 -63 -110 -94 
60 -95 -15 -63 -78 
64 -79 -31 -78 -63 
68 -79 -15 -78 -15 

1678366545813033
36 -430 -15 -568 +0 
40 -1178 -111 -995 -110 
44 -860 -222 -837 -189 
48 -286 -206 -537 -78 
52 -222 -142 -284 -15 
56 -127 -63 -189 -15 
60 -79 -31 -110 -15 
64 -79 -31 -78 -15 
2336 +0 +0 -78 +0 

1678366545861465
36 -334 +0 -394 +0 
40 -1417 -15 -805 -110 
44 -1338 -158 -663 -126 
48 -589 -158 -315 -110 
52 -366 -142 -205 -31 
56 -191 -79 -189 -47 
60 -127 -15 -110 -15 
64 -95 -31 -110 -15 
68 -79 -15 -31 -15 
72 -79 +0 +0 -15 
2580 +0 +0 -78 +0 
3668 +0 +0 -94 +0 
9100 +0 +0 -78 +0 

1678366546082041
32 -111 -31 -63 -15 
36 -796 -174 -236 -189 
40 -1369 -333 -379 -189 
44 -573 -253 -252 -142 
48 -286 -111 -173 -94 
52 -302 -47 -142 -31 
56 -222 -63 -31 -63 
60 -79 -31 -15 -31 
8548 +0 +0 -94 +0 
10264 +0 +0 -78 +0 

1678366546100632
36 -493 -15 +0 +0 
40 -1290 -126 +0 +0 
44 -1003 -349 -31 +0 
48 -430 -285 -15 +0 
52 -238 -126 +0 +0 
56 -111 -63 -31 +0 
64 -31 -95 +0 +0 
11284 +0 +0 -78 +0 

1678366546229154
36 -207 -31 +0 +0 
40 -1433 -47 -31 +0 
44 -1306 -253 -189 +0 
48 -939 -333 -142 +0 
52 -605 -253 -78 +0 
56 -382 -142 -94 +0 
60 -286 -142 -47 +0 
64 -159 -79 -47 +0 
68 -79 -31 -47 +0 
1096 +0 +0 -78 +0 
4992 +0 +0 -78 +0 
7312 +0 +0 -78 +0 
7504 +0 +0 -78 +0 
8296 +0 +0 -78 +0 
10616 +0 +0 -78 +0 
14064 +0 +0 -78 +0 
16252 +0 +0 -78 +0 

1678366546247758
36 -493 -31 -568 -31 
40 -1162 -126 -758 -142 
44 -1099 -158 -505 -142 
48 -430 -95 -252 -126 
52 -175 -63 -189 -47 
56 -175 -63 -110 -110 
60 -143 -31 -31 -31 
64 -111 -47 -15 -15 
136 +0 +0 -94 +0 
9520 +0 +0 -94 +0 
11596 +0 +0 -78 +0 
12068 +0 +0 -78 +0 

1678366546538430
36 -907 -31 -821 +0 
40 -2000 -158 -1216 -47 
44 -2000 -412 -979 -173 
48 -955 -364 -616 -63 
52 -573 -206 -252 -78 
56 -493 -126 -173 -47 
60 -270 -63 -110 -31 
64 -159 -15 -126 -15 
68 -191 -15 -47 +0 
72 -95 +0 -31 +0 

1678366546946029
36 -382 -476 -347 -647 
40 -1035 -840 -695 -836 
44 -684 -650 -458 -394 
48 -398 -238 -284 -236 
52 -270 -158 -173 -221 
56 -175 -158 -94 -78 
60 -143 -63 -63 -47 
64 -95 -47 -47 -31 
76 -79 -31 -31 -15 

1678366548146042
36 -191 -47 -252 -31 
40 -1242 -142 -584 -126 
44 -1130 -222 -616 -157 
48 -605 -222 -252 -142 
52 -382 -111 -157 -47 
56 -286 -63 -110 -47 
60 -159 -47 -78 -15 
2172 +0 +0 -78 +0 
12912 +0 +0 -94 +0 

1678366549724779
36 -111 +0 -15 +0 
40 -1146 +0 +0 +0 
44 -939 +0 +0 +0 
48 -796 +0 +0 +0 
52 -589 +0 -31 +0 
56 -270 +0 -63 +0 
60 -159 +0 -15 +0 
64 -111 +0 +0 +0 
68 -79 +0 -15 +0 
536 +0 +0 -78 +0 
3008 +0 +0 -78 +0 

1678366549846909
36 -748 -222 -205 +0 
40 -1099 -317 -157 +0 
44 -605 -238 -94 +0 
48 -430 -190 -63 +0 
52 -254 -111 -15 +0 
56 -191 -79 -78 +0 
60 -191 -31 -31 +0 
11920 +0 +0 -78 +0 
15820 +0 +0 -78 +0 

1678366550508923
32 -111 -47 -157 +0 
36 -716 -460 -837 -31 
40 -1146 -444 -916 -94 
44 -589 -507 -663 -31 
48 -302 -333 -552 -15 
52 -207 -126 -284 -47 
56 -159 -126 -157 -15 
60 -95 -47 -142 +0 
64 -111 -31 -126 -47 

1678366550638159
36 -477 -15 -284 -15 
40 -1688 -47 -742 -173 
44 -1274 -253 -679 -300 
48 -509 -285 -410 -315 
52 -254 -95 -236 -110 
56 -270 -31 -94 -78 
60 -127 -31 -94 -94 
64 -79 +0 -94 -47 
10016 +0 +0 -78 +0 

1678366551256519
36 -605 -95 -552 -205 
40 -1290 -587 -931 -615 
44 -907 -618 -821 -442 
48 -414 -349 -663 -142 
52 -286 -285 -379 -94 
56 -159 -142 -268 -63 
60 -95 -47 -110 -63 
64 -95 -63 -47 -47 

1678366551533915
32 -222 -126 -31 +0 
36 -939 -761 -268 +0 
40 -1019 -856 -489 +0 
44 -493 -634 -363 -15 
48 -318 -396 -189 +0 
52 -207 -238 -126 +0 
56 -111 -111 -31 +0 
60 -47 -47 -78 -15 
8312 +0 +0 -78 +0 
14532 +0 +0 -78 +0 
14928 +0 +0 -78 +0 

1678366551624027
36 -605 -31 -15 +0 
40 -1162 -79 +0 +0 
44 -732 -158 -31 +0 
48 -286 -126 -31 +0 
52 -207 -47 -15 +0 
56 -143 -31 +0 +0 
3808 +0 +0 -78 +0 
5264 +0 +0 -78 +0 
7380 +0 +0 -78 +0 

1678366551988040
32 -95 -63 -15 +0 
36 -876 -952 -189 +0 
40 -1768 -1586 -537 +0 
44 -1401 -1015 -284 +0 
48 -748 -507 -78 +0 
52 -637 -444 -126 +0 
56 -414 -190 -78 +0 
60 -175 -158 -63 +0 
64 -111 -126 -31 +0 
68 -95 -63 -15 +0 
1476 +0 +0 -78 +0 
6316 -31 +0 -78 +0 
13724 +0 +0 -78 +0 
14252 +0 +0 -78 +0 

1678366552442163
36 -844 +0 -15 +0 
40 -1369 +0 -15 +0 
44 -876 +0 +0 +0 
48 -525 +0 -15 +0 
52 -318 +0 -15 +0 
56 -191 +0 +0 +0 
60 -95 +0 +0 +0 
68 -79 +0 -15 +0 
9512 +0 +0 -78 +0 

1678366552662896
36 -159 +0 +0 +0 
40 -1178 -79 +0 +0 
44 -1035 -238 +0 +0 
48 -557 -317 -15 +0 
52 -414 -158 +0 +0 
56 -254 -79 +0 +0 
60 -222 -79 -47 +0 
64 -95 -47 -15 +0 
824 +0 +0 -78 +0 
2880 +0 +0 -78 +0 
7144 +0 +0 -78 +0 

1678366552878895
36 -318 +0 -284 -31 
40 -1115 -126 -679 -126 
44 -1003 -158 -584 -110 
48 -525 -174 -426 -78 
52 -286 -111 -205 -78 
56 -222 -31 -189 -47 
60 -111 -47 -157 -15 
12064 +0 +0 -78 +0 

1678366552965905
36 -79 +0 -63 +0 
40 -1624 +0 -31 +0 
44 -2000 +0 +0 +0 
48 -1369 +0 +0 +0 
52 -684 +0 +0 +0 
56 -366 +0 -31 +0 
60 -270 +0 -15 +0 
64 -191 +0 +0 +0 
68 -79 +0 +0 +0 
72 -79 +0 -31 +0 
5856 +0 +0 -78 +0 
13340 +0 +0 -78 +0 
14308 +0 +0 -78 +0 
15688 +0 +0 -78 +0 

1678366554051274
36 -350 -63 -489 -15 
40 -1274 -555 -900 -300 
44 -1210 -967 -868 -284 
48 -541 -555 -663 -173 
52 -302 -428 -379 -157 
56 -254 -285 -221 -63 
60 -95 -174 -126 -31 
64 -111 -95 -94 -47 
68 -127 -63 -47 -47 
3452 +0 +0 -78 +0 
6788 +0 +0 -78 +0 
15016 +0 +0 -78 +0 

1678366554670909
36 -653 -95 -379 -63 
40 -1019 -412 -789 -315 
44 -780 -571 -442 -205 
48 -366 -269 -252 -94 
52 -207 -238 -173 -63 
56 -95 -126 -78 -47 
60 -79 -47 -47 -31 
64 -63 -79 -78 -15 

1678366555151781
36 -414 +0 +0 +0 
40 -1019 +0 +0 +0 
44 -589 +0 -15 +0 
48 -175 +0 +0 +0 
52 -175 +0 -15 +0 
56 -143 +0 -15 +0 
5764 +0 +0 -78 +0 
9352 +0 +0 -78 +0 
13784 +0 +0 -78 +0 
15952 +0 +0 -78 +0 
16208 +0 +0 -78 +0 

1678366555349043
36 -477 -47 -300 +0 
40 -1194 -174 -663 -157 
44 -716 -142 -394 -157 
48 -493 -158 -110 -126 
52 -222 -95 -142 -31 
56 -79 -31 -126 -63 
60 -63 -31 -78 -47 
68 -47 -15 -78 -15 

1678366555515022
36 -700 -111 -315 -110 
40 -1513 -460 -773 -363 
44 -1130 -539 -758 -378 
48 -573 -412 -616 -142 
52 -318 -222 -363 -110 
56 -286 -111 -236 -94 
60 -175 -47 -221 -47 
64 -79 -15 -126 -15 
68 -31 +0 -63 -78 
80 -79 +0 -47 -15 
1116 +0 +0 -78 +0 
1480 +0 -15 -78 +0 
2212 +0 +0 -78 +0 
4032 +0 +0 -78 +0 
9544 +0 +0 -78 +0 
12652 +0 +0 -78 +0 

1678366555875437
40 -1338 +0 +0 +0 
44 -1847 +0 -15 +0 
48 -1194 +0 -15 +0 
52 -891 +0 -31 +0 
56 -605 +0 -15 +0 
60 -222 +0 +0 +0 
64 -143 +0 +0 +0 
68 -127 +0 +0 +0 
72 -95 +0 +0 +0 
1480 +0 +0 -78 +0 
2292 +0 +0 -110 +0 
2668 -414 +0 +0 +0 
2672 -2000 -47 +0 +0 
2676 -2000 -95 +0 +0 
2680 -1608 -142 -31 +0 
2684 -860 -63 -15 +0 
2688 -525 +0 -15 +0 
2692 -382 -31 -15 +0 
2696 -238 -15 +0 +0 
2700 -127 +0 -15 +0 
2704 -79 +0 +0 +0 
5232 +0 +0 -78 +0 
6732 +0 +0 -78 +0 
8936 +0 +0 -78 +0 
9084 +0 +0 -78 +0 

1678366556142159
36 -414 -238 -15 +0 
40 -1322 -761 +0 +0 
44 -939 -634 +0 +0 
48 -414 -460 +0 +0 
52 -191 -253 +0 +0 
56 -191 -142 -15 +0 
60 -111 -158 -31 +0 
64 -47 -95 -47 +0 
8328 +0 +0 -110 +0 

1678366557438400
36 -47 -15 -126 +0 
40 -1067 -79 -884 -47 
44 -1513 -587 -1089 -205 
48 -812 -602 -916 -173 
52 -541 -555 -537 -78 
56 -318 -222 -426 -47 
60 -191 -158 -236 -47 
64 -63 -79 -78 -47 
68 -31 -31 -157 -63 
72 -47 -15 -126 -15 
80 -31 -31 -94 +0 
7120 +0 +0 -78 +0 
14276 +0 +0 -78 +0 

1678366557928276
36 -159 -15 -110 -47 
40 -1178 -285 -600 -363 
44 -1274 -587 -631 -505 
48 -828 -428 -331 -442 
52 -445 -222 -221 -236 
56 -222 -158 -142 -126 
60 -175 -111 -78 -94 
64 -111 -31 -94 -31 
68 -47 -31 -78 -47 
76 -79 -15 -31 -15 
1996 +0 -15 -78 +0 
6160 +0 +0 -78 +0 
11388 +0 +0 -78 +0 

1678366558334035
36 -764 -15 -47 +0 
40 -1338 -238 -252 +0 
44 -987 -333 -315 +0 
48 -700 -285 -236 +0 
52 -398 -126 -126 +0 
56 -222 -95 -78 +0 
60 -159 -63 -78 +0 
8180 +0 +0 -78 +0 
15004 +0 +0 -78 +0 
15900 +0 +0 -78 +0 

1678366558494902
36 -334 -79 -695 +0 
40 -1369 -301 -900 +0 
44 -1417 -539 -710 +0 
48 -844 -364 -521 +0 
52 -461 -174 -284 -15 
56 -334 -126 -189 +0 
60 -95 -47 -94 +0 
64 -159 -15 -78 +0 
68 -111 -31 -78 +0 
72 -79 +0 -63 +0 
3164 +0 +0 -78 +0 
4676 +0 +0 -78 +0 
6676 +0 +0 -78 +0 
9696 +0 +0 -78 +0 
14240 +0 +0 -78 +0 

1678366558778771
36 -175 -31 -505 -15 
40 -1099 -206 -868 -110 
44 -796 -206 -821 -142 
48 -445 -190 -537 -47 
52 -238 -95 -300 -110 
56 -159 -31 -126 -47 
60 -127 +0 -110 +0 
64 -47 +0 -126 -31 
68 -15 +0 -78 -15 
72 -31 +0 -78 -15 
3984 +0 +0 -78 +0 
8792 +0 +0 -94 +0 
10216 +0 +0 -78 +0 

1678366558934039
36 -605 +0 -331 -15 
40 -1290 -206 -710 -300 
44 -1162 -222 -631 -300 
48 -525 -142 -315 -94 
52 -270 -79 -189 -78 
56 -222 -63 -142 -31 
60 -63 -15 -94 -47 
64 -79 +0 -63 -47 
68 -79 +0 -47 -31 
72 -63 +0 -78 -15 

1678366559083031
36 -923 -126 -15 +0 
40 -1529 -587 +0 +0 
44 -860 -571 -31 +0 
48 -605 -349 -15 +0 
52 -414 -142 +0 +0 
56 -286 -79 -31 +0 
60 -127 -31 -15 +0 
64 -111 -15 -15 +0 
68 -95 -79 -15 +0 
72 -79 -31 -15 +0 
5816 +0 +0 -78 +0 

1678366559163923
36 -191 +0 -315 +0 
40 -1640 -31 -979 -15 
44 -1640 -95 -1074 -47 
48 -1003 -126 -900 -126 
52 -557 -79 -710 -31 
56 -302 -95 -363 -31 
60 -270 -79 -236 -15 
64 -111 -15 -189 +0 
68 -63 +0 -78 +0 
72 -47 +0 -78 -15 
916 +0 +0 -78 +0 

1678366559988896
36 -637 -126 -473 -142 
40 -1146 -301 -521 -268 
44 -716 -285 -236 -189 
48 -334 -111 -157 -78 
52 -159 -63 -142 -110 
56 -111 -79 -78 -47 
60 -79 -31 -63 -15 
8308 +0 +0 -78 +0 

1678366560073155
36 -207 +0 +0 +0 
40 -1162 +0 -31 +0 
44 -828 +0 -47 +0 
48 -286 +0 +0 +0 
52 -302 +0 +0 +0 
56 -159 +0 +0 +0 
64 -95 +0 -15 +0 
1904 +0 +0 -78 +0 
3700 +0 +0 -78 +0 
5868 +0 +0 -78 +0 
6288 +0 +0 -78 +0 
10944 +0 +0 -94 +0 
10964 +0 +0 -78 +0 
12464 +0 +0 -78 +0 
14508 +0 +0 -78 +0 

1678366560258917
36 -318 +0 -31 +0 
40 -1290 -349 -15 +0 
44 -1115 -476 -31 +0 
48 -557 -428 -31 +0 
52 -414 -238 -31 +0 
56 -222 -158 +0 +0 
60 -159 -31 +0 +0 
64 -127 -15 +0 +0 
80 -79 +0 +0 +0 
2716 +0 +0 -94 +0 
4208 +0 +0 -78 +0 
4400 +0 +0 -78 +0 
5604 +0 +0 -78 +0 
11040 +0 +0 -94 +0 

1678366560552168
36 -382 -142 -142 +0 
40 -1895 -698 -552 -15 
44 -1640 -666 -568 +0 
48 -541 -301 -284 +0 
52 -414 -111 -205 +0 
56 -366 -158 -157 +0 
60 -238 -95 -47 +0 
64 -95 -63 -63 +0 
68 -79 -15 -31 +0 
1532 +0 +0 -78 +0 

1678366560738908
36 -430 +0 -600 -15 
40 -1290 -238 -1042 -63 
44 -1099 -349 -773 -157 
48 -557 -190 -410 -63 
52 -318 -126 -252 -15 
56 -238 -111 -157 -47 
60 -191 -63 -110 -15 
64 -111 -31 -47 +0 
72 -159 -31 -47 +0 
76 -95 -15 -15 +0 
3824 +0 +0 -78 +0 
7592 +0 +0 -78 +0 

1678366561227789
32 -47 -31 -426 -15 
36 -716 -285 -1263 -47 
40 -1067 -571 -1311 -142 
44 -573 -507 -1058 -221 
48 -334 -253 -616 -142 
52 -238 -190 -394 -63 
56 -95 -111 -236 -15 
60 -31 -126 -173 -47 
64 -63 -31 -126 -31 
68 -47 -31 -94 -15 
4264 +0 +0 -78 +0 

1678366562161904
32 -15 -79 -94 -47 
36 -780 -571 -363 -426 
40 -1162 -444 -442 -647 
44 -732 -222 -221 -300 
48 -445 -95 -94 -205 
52 -350 -63 -78 -157 
56 -270 -63 -78 -63 
60 -175 -31 -31 -63 
64 -143 -47 -15 -63 
6352 +0 +0 -78 +0 

1678366563212291
40 -1035 +0 +0 +0 
44 -2000 +0 -47 +0 
48 -2000 +0 -15 +0 
52 -2000 +0 +0 +0 
56 -2000 +0 +0 +0 
60 -1975 +0 +0 +0 
64 -1322 +0 -15 +0 
68 -876 +0 -15 +0 
72 -589 +0 +0 +0 
76 -430 +0 -31 +0 
80 -270 +0 +0 +0 
84 -302 +0 +0 +0 
88 -238 +0 +0 +0 
92 -222 +0 +0 +0 
96 -95 +0 -15 +0 
104 -79 +0 +0 +0 
120 -95 +0 -15 +0 
140 -79 +0 +0 +0 
144 -79 +0 +0 +0 
456 -95 +0 -15 +0 
2732 +0 +0 -78 +0 
10464 +0 +0 -78 +0 

1678366564169663
40 -1035 +0 +0 +0 
44 -1433 +0 +0 +0 
48 -1099 +0 +0 +0 
52 -684 +0 +0 +0 
56 -445 +0 +0 +0 
60 -318 +0 +0 +0 
64 -191 +0 +0 +0 
68 -79 +0 +0 +0 
72 -79 +0 +0 +0 
2296 +0 +0 -78 +0 
7828 +0 +0 -78 +0 

1678366564426534
36 -987 +0 -15 +0 
40 -2000 +0 -31 +0 
44 -1656 +0 -15 +0 
48 -732 +0 -15 +0 
52 -445 +0 +0 +0 
56 -398 +0 -15 +0 
60 -302 +0 -31 +0 
64 -111 +0 -15 +0 
68 -95 +0 +0 +0 
80 -79 +0 +0 +0 
7368 +0 +0 -78 +0 
10500 +0 +0 -78 +0 

1678366564546154
32 -31 +0 -363 -78 
36 -971 -222 -1074 -189 
40 -1481 -745 -1121 -600 
44 -1162 -650 -1010 -268 
48 -525 -380 -805 -221 
52 -238 -285 -663 -173 
56 -238 -285 -489 -78 
60 -159 -111 -347 -31 
64 -79 -47 -205 -15 
68 -79 -31 -126 -15 
72 -79 -31 -110 -15 

1678366565937047
36 -302 -31 -552 -15 
40 -1035 -444 -868 -63 
44 -987 -444 -726 -221 
48 -621 -317 -458 -157 
52 -302 -253 -205 -78 
56 -222 -126 -157 -63 
60 -95 -47 -142 -63 
64 -31 -31 -94 -47 

1678366567997024
36 -605 -15 -394 -47 
40 -1115 -79 -584 -221 
44 -653 -222 -552 -236 
48 -350 -190 -331 -94 
52 -302 -111 -142 -63 
56 -238 -47 -126 -63 
60 -111 -15 -63 -31 
13140 +0 +0 -78 +0 
13392 +0 +0 -78 +0 
13956 +0 +0 -78 +0 

1678366568198898
8 -95 +0 +0 +0 
12 -95 +0 +0 +0 
20 -95 +0 +0 +0 
24 -191 +0 +0 +0 
28 -207 +0 +0 +0 
32 -605 +0 -15 +0 
36 -860 +0 -15 +0 
40 -1242 +0 +0 +0 
44 -1624 +0 -15 +0 
48 -1752 +0 +0 +0 
52 -1799 +0 -31 +0 
56 -1863 +0 +0 +0 
60 -1975 +0 +0 +0 
64 -1895 +0 -31 +0 
68 -1784 +0 -31 +0 
72 -1640 +0 +0 +0 
76 -1545 +0 -15 +0 
80 -1449 +0 -15 +0 
84 -1099 +0 +0 +0 
88 -764 +0 -15 +0 
92 -557 +0 +0 +0 
96 -557 +0 +0 +0 
100 -366 +0 +0 +0 
104 -334 +0 +0 +0 
108 -207 +0 +0 +0 
112 -143 +0 +0 +0 
116 -127 +0 -15 +0 
120 -127 +0 +0 +0 
124 -111 +0 +0 +0 
128 -159 +0 -31 +0 
132 -111 +0 -31 +0 
3292 +0 +0 -94 +0 
3296 +0 +0 -78 +0 
6620 +0 +0 -78 +0 

1678366568253042
36 -684 -31 +0 +0 
40 -1290 -174 +0 +0 
44 -1099 -79 +0 +0 
48 -573 -31 -15 +0 
52 -541 -31 +0 +0 
56 -238 -15 -31 +0 
60 -159 -15 -15 +0 
64 -143 -15 +0 +0 
68 -111 +0 +0 +0 
72 -111 +0 +0 +0 

1678366568922910
36 -143 -31 -63 +0 
40 -1115 -238 -537 +0 
44 -1385 -269 -489 +0 
48 -1003 -142 -236 +0 
52 -541 -95 -252 +0 
56 -238 -63 -142 -15 
60 -127 -15 -94 -15 
64 -175 +0 -47 +0 
308 +0 +0 -78 +0 
444 -79 +0 -15 +0 
9316 +0 +0 -78 +0 
14644 +0 +0 -78 +0 

1678366568943888
36 -700 -206 -15 +0 
40 -1035 -618 +0 +0 
44 -668 -301 -15 +0 
48 -254 -269 +0 +0 
52 -222 -158 -15 +0 
56 -222 -47 -31 +0 
60 -159 -15 +0 +0 
68 -79 +0 -15 +0 
1224 +0 +0 -78 +0 
2024 +0 +0 -78 +0 
4224 +0 +0 -78 +0 
11876 +0 +0 -78 +0 
15528 +0 +0 -78 +0 

1678366568956394
36 -207 +0 -252 -31 
40 -1752 -253 -789 -189 
44 -2000 -729 -773 -457 
48 -1290 -460 -584 -347 
52 -700 -222 -347 -142 
56 -414 -206 -284 -110 
60 -238 -158 -284 -47 
64 -143 -47 -173 -63 
68 -95 -15 -142 -47 
72 -79 -31 -110 -15 
76 -111 -15 -31 -15 
2492 +0 +0 -78 +0 
4648 +0 +0 -78 +0 
10592 +0 +0 -78 +0 
10944 +0 +0 -94 +0 
11940 +0 +0 -78 +0 

1678366569062910
36 -461 +0 +0 +0 
40 -1449 +0 -15 +0 
44 -1003 +0 -31 +0 
48 -414 +0 +0 +0 
52 -238 +0 +0 +0 
56 -127 +0 +0 +0 

1678366569087641
36 -796 -206 -189 -31 
40 -1162 -460 -473 -47 
44 -430 -523 -347 -78 
48 -318 -301 -173 -15 
52 -207 -111 -157 +0 
56 -111 -126 -126 +0 
60 -127 -47 -47 -15 
68 -95 -47 -31 +0 
96 +0 +0 -78 +0 
11252 +0 +0 -78 +0 

1678366569331287
36 -637 -95 -15 +0 
40 -1130 -190 -15 +0 
44 -430 -142 +0 -15 
48 -207 -79 -15 +0 
52 -159 -79 -15 +0 
56 -95 -31 -31 +0 
60 -95 -15 -15 +0 
3452 +0 +0 -78 +0 

1678366569421898
36 -270 -158 -31 -15 
40 -1035 -269 -15 +0 
44 -1051 -285 +0 +0 
48 -525 -206 -15 +0 
52 -222 -222 +0 +0 
56 -175 -95 -31 +0 
60 -95 -31 -15 +0 
1112 +0 +0 -78 +0 
2060 +0 +0 -78 +0 

1678366569805031
36 -398 -79 -15 -47 
40 -1130 -317 -31 -142 
44 -860 -491 -15 -189 
48 -605 -285 -15 -78 
52 -350 -142 -15 -47 
56 -143 -95 -31 -47 
60 -79 -79 -15 -15 
3160 +0 +0 -78 +0 
13308 +0 +0 -78 +0 
15540 +0 +0 -78 +0 

1678366570602400
36 -653 -63 -15 +0 
40 -1242 -95 -63 +0 
44 -780 -126 -31 +0 
48 -477 -63 +0 +0 
52 -286 -31 +0 +0 
56 -207 -15 -47 +0 
60 -79 -15 -15 +0 
64 -143 -15 -15 +0 
68 -79 +0 -15 +0 
3552 +0 +0 -78 +0 
4280 +0 +0 -78 +0 
13488 +0 +0 -78 +0 

1678366570655926
32 -95 -111 -15 +0 
36 -764 -618 -15 +0 
40 -1258 -761 -31 +0 
44 -844 -491 -31 +0 
48 -414 -190 -15 +0 
52 -254 -238 +0 +0 
56 -238 -126 +0 +0 
60 -127 -15 +0 +0 
68 -95 -15 -15 +0 

1678366570851033
36 -175 -47 -173 -47 
40 -1035 -301 -726 -268 
44 -923 -285 -631 -236 
48 -493 -158 -268 -157 
52 -254 -79 -205 -47 
56 -254 -47 -157 -47 
60 -127 -79 -47 -63 
68 -79 -63 -47 -15 

1678366571298892
36 -302 -31 -221 -31 
40 -1099 -174 -537 -110 
44 -860 -428 -410 -142 
48 -270 -238 -173 -63 
52 -302 -95 -157 -78 
56 -191 -158 -110 -31 
60 -79 -47 -31 +0 

1678366571317648
36 -334 -47 -31 +0 
40 -1704 -253 -189 +0 
44 -1465 -333 -473 +0 
48 -844 -444 -458 +0 
52 -573 -333 -268 +0 
56 -382 -174 -142 +0 
60 -238 -79 -78 +0 
64 -143 -15 -78 +0 
68 -127 +0 -94 +0 

1678366571486031
36 -509 -79 -600 -205 
40 -1369 -555 -916 -900 
44 -1194 -856 -821 -979 
48 -684 -539 -679 -663 
52 -318 -396 -473 -347 
56 -207 -190 -236 -205 
60 -207 -95 -189 -126 
64 -111 -63 -126 -110 
68 -47 -47 -78 -78 
76 +0 -47 -15 -78 
1420 +0 +0 -78 +0 
1728 +0 +0 -78 +0 
4312 +0 +0 -78 +0 

1678366571515759
32 -79 +0 -236 +0 
36 -748 -174 -584 -221 
40 -1035 -285 -568 -205 
44 -637 -174 -331 -126 
48 -238 -126 -173 -94 
52 -159 -126 -142 -78 
56 -127 -111 -142 -78 
60 -95 -15 -126 -31 
64 -47 -15 -142 +0 
1504 +0 +0 -78 +0 
3104 +0 +0 -94 +0 
8620 +0 +0 -78 +0 
10672 +0 +0 -78 +0 

1678366572375655
28 +0 -15 -78 +0 
32 -414 -190 -647 -157 
36 -939 -539 -916 -505 
40 -1115 -618 -805 -489 
44 -605 -523 -631 -300 
48 -334 -238 -394 -173 
52 -191 -111 -236 -94 
56 -207 -111 -189 -63 
60 -127 -126 -78 -47 
72 -15 -31 -78 -15 
4812 +0 +0 -78 +0 

1678366572622898
36 -414 -111 -63 +0 
40 -1656 -539 -631 +0 
44 -1959 -1221 -947 +0 
48 -1433 -983 -837 +0 
52 -1019 -587 -631 +0 
56 -621 -380 -379 +0 
60 -430 -364 -268 +0 
64 -254 -174 -221 +0 
68 -207 -79 -126 +0 
72 -79 -63 -78 +0 
76 -47 -79 -63 +0 
96 -79 +0 -15 +0 
10756 +0 +0 -78 +0 
12748 +0 +0 -78 +0 
15672 +0 +0 -78 +0 

1678366572915896
36 -796 +0 +0 +0 
40 -1369 +0 +0 +0 
44 -1019 +0 +0 +0 
48 -605 +0 -15 +0 
52 -366 +0 -15 +0 
56 -175 +0 +0 +0 
60 -159 +0 +0 +0 
64 -159 +0 +0 +0 
68 -79 +0 +0 +0 
2920 +0 +0 -94 +0 
7180 +0 +0 -78 +0 
10056 +0 +0 -78 +0 
15312 +0 +0 -78 +0 
16088 +0 +0 -94 +0 

1678366573000186
40 -1099 -238 -15 +0 
44 -1146 -650 +0 +0 
48 -621 -444 -15 +0 
52 -398 -317 -15 +0 
56 -238 -206 -15 +0 
60 -143 -111 +0 +0 
76 -79 -31 -15 +0 
10988 +0 +0 -78 +0 

1678366573151906
36 -318 -79 -110 -47 
40 -1115 -269 -410 -347 
44 -812 -206 -394 -268 
48 -445 -142 -268 -236 
52 -270 -79 -173 -78 
56 -175 -15 -110 -31 
60 -175 -47 -47 -15 
64 -95 -15 -15 -15 
76 -79 +0 -15 +0 
80 -79 +0 -15 +0 
12488 +0 +0 -78 +0 
15044 +0 +0 -78 +0 

1678366573715290
36 -318 -63 +0 +0 
40 -1003 -428 -31 +0 
44 -1035 -396 -15 +0 
48 -700 -285 -15 +0 
52 -461 -174 -31 +0 
56 -191 -95 -47 +0 
60 -79 -47 -15 +0 
64 -95 -63 +0 +0 
76 -79 +0 +0 +0 
3116 +0 +0 -78 +0 
3832 +0 +0 -94 +0 
3904 +0 +0 -78 +0 
6684 +0 +0 -78 +0 

1678366574164901
40 -1146 +0 -15 +0 
44 -1720 +0 -15 +0 
48 -987 +0 +0 +0 
52 -398 +0 +0 +0 
56 -238 +0 -15 +0 
60 -191 +0 -15 +0 
64 -111 +0 +0 +0 
68 -95 +0 +0 +0 
8636 +0 +0 -78 +0 

1678366574701911
32 -79 +0 -15 +0 
36 -955 +0 +0 +0 
40 -1481 +0 -31 +0 
44 -1035 +0 -31 +0 
48 -700 +0 -15 +0 
52 -366 +0 -31 +0 
56 -143 +0 -15 +0 
60 -175 +0 -15 +0 
72 -79 +0 -31 +0 
5340 +0 +0 -78 +0 
9316 +0 +0 -78 +0 
9544 +0 +0 -78 +0 
12464 +0 +0 -78 +0 

1678366576001899
36 -79 +0 -15 +0 
40 -1242 -15 -647 -31 
44 -1799 -111 -868 -252 
48 -1353 -349 -647 -221 
52 -589 -253 -505 -142 
56 -286 -47 -315 -78 
60 -270 -31 -189 -63 
64 -175 -79 -94 -31 
80 -15 +0 -78 +0 
132 +0 +0 -78 +0 
15448 +0 +0 -78 +0 

1678366576874038
36 -334 -317 -379 -221 
40 -1162 -682 -773 -378 
44 -1115 -840 -773 -505 
48 -684 -444 -631 -331 
52 -382 -269 -473 -252 
56 -302 -142 -284 -110 
60 -175 -222 -173 -78 
64 -111 -142 -110 -63 
68 -95 -31 -78 -15 
72 -95 -15 -63 -15 
76 -79 -15 -15 -15 
1016 +0 +0 -94 +0 
5676 +0 +0 -78 +0 
6044 +0 +0 -78 +0 
6460 +0 +0 -78 +0 
12076 +0 +0 -78 +0 
12136 +0 +0 -78 +0 

1678366577274418
36 -318 -222 -552 -126 
40 -1083 -380 -852 -331 
44 -1162 -476 -710 -268 
48 -907 -396 -505 -205 
52 -414 -158 -252 -126 
56 -334 -142 -205 -47 
60 -207 -79 -110 -47 
64 -143 -15 -31 -15 
68 -143 -15 -63 -15 
72 -79 -31 -47 -15 
2904 +0 +0 -78 +0 

1678366577327036
36 -382 +0 -173 +0 
40 -1449 -174 -63 +0 
44 -1210 -174 +0 +0 
48 -684 -158 -15 +0 
52 -302 -63 -15 +0 
56 -222 -95 -15 +0 
60 -95 -95 -15 +0 
64 -79 -15 +0 +0 
68 -95 +0 +0 +0 
76 +0 -79 +0 +0 
6504 +0 +0 -78 +0 
9892 +0 +0 -78 +0 

1678366577438894
36 -111 +0 +0 +0 
40 -1497 +0 +0 +0 
44 -1640 +0 -15 +0 
48 -780 +0 -15 +0 
52 -254 +0 +0 +0 
56 -207 +0 -47 +0 
60 -238 +0 +0 +0 
64 -111 +0 -31 +0 
1944 +0 +0 -78 +0 

1678366577590038
40 -1385 +0 -31 +0 
44 -2000 -174 -31 +0 
48 -2000 -126 -31 +0 
52 -1353 -47 -31 +0 
56 -716 -174 -15 +0 
60 -477 -95 -31 +0 
64 -302 -15 -15 +0 
68 -159 -15 +0 +0 
72 -111 -15 +0 +0 
76 -143 +0 +0 +0 
100 -79 +0 -15 +0 
3360 +0 +0 -94 +0 

1678366577657921
32 -31 -15 -315 -15 
36 -700 -349 -868 -78 
40 -1019 -539 -947 -378 
44 -541 -364 -758 -315 
48 -461 -349 -537 -189 
52 -286 -190 -284 -126 
56 -143 -63 -189 -63 
60 -63 -63 -110 -47 
64 -79 -47 -63 -63 
8120 +0 +0 -78 +0 
10080 +0 +0 -78 +0 

1678366577815895
36 -79 -95 -205 -47 
40 -1688 -983 -868 -647 
44 -2000 -1364 -979 -1089 
48 -1895 -1364 -884 -742 
52 -1290 -952 -726 -568 
56 -637 -444 -505 -363 
60 -366 -333 -315 -221 
64 -318 -174 -252 -94 
68 -254 -31 -157 -78 
72 -111 -63 -94 -47 
76 -63 -47 -78 -47 
5460 +0 +0 -78 +0 

1678366578317537
32 -127 +0 +0 +0 
36 -987 +0 -15 +0 
40 -1130 +0 +0 +0 
44 -589 +0 +0 +0 
48 -430 +0 -15 +0 
52 -238 +0 -31 +0 
56 -191 +0 +0 +0 
60 -127 +0 -31 +0 
64 -79 +0 -15 +0 
68 -95 +0 -15 +0 
3744 +0 +0 -78 +0 
8020 +0 +0 -78 +0 

1678366580021284
36 -461 -380 -284 -142 
40 -1115 -761 -537 -252 
44 -1210 -650 -521 -205 
48 -653 -269 -315 -94 
52 -334 -174 -142 -63 
56 -175 -190 -78 -31 
60 -111 -79 -142 -47 
64 -79 -47 -110 -31 
6328 +0 +0 -78 +0 
14892 +0 +0 -78 +0 

1678366580465917
36 -334 -47 -110 -31 
40 -1322 -238 -631 -110 
44 -1258 -238 -473 -110 
48 -621 -238 -347 -78 
52 -286 -126 -221 -63 
56 -159 -47 -157 -31 
60 -127 -47 -94 -15 
64 -95 +0 -63 -31 
2624 +0 +0 -78 +0 
8396 +0 +0 -78 +0 

1678366580496900
36 -127 -47 -173 -142 
40 -1067 -349 -742 -884 
44 -1322 -412 -868 -1058 
48 -1035 -349 -679 -457 
52 -366 -253 -473 -268 
56 -302 -206 -221 -173 
60 -191 -158 -142 -78 
64 -79 -95 -126 -47 
68 -79 -47 -78 -31 
72 -143 -47 -15 -47 
10916 +0 +0 -78 +0 
15236 +0 +0 -78 +0 

1678366581262891
36 -238 +0 +0 +0 
40 -1385 +0 +0 -63 
44 -1624 +0 +0 -63 
48 -1035 +0 +0 -15 
52 -605 -15 -31 -47 
56 -414 +0 -15 -31 
60 -159 +0 -31 -15 
64 -95 +0 +0 -15 
68 -79 +0 -31 +0 
188 +0 +0 -78 +0 
1636 +0 +0 -78 +0 
7504 +0 +0 -78 +0 
12868 +0 +0 -94 +0 
14392 +0 +0 -94 +0 

1678366581360033
32 +0 -15 -78 +0 
36 -398 -31 -679 -31 
40 -1417 -190 -900 -236 
44 -605 -317 -726 -189 
48 -238 -190 -489 -205 
52 -207 -95 -284 -94 
56 -159 -63 -142 -63 
60 -47 -31 -142 -15 
64 -47 +0 -126 -15 
68 -31 +0 -78 +0 
72 -47 -15 -78 -15 
5268 +0 +0 -78 +0 
5440 +0 +0 -78 +0 
9388 +0 +0 -78 +0 
11036 +0 +0 -78 +0 
12928 +0 +0 -78 +0 
15328 +0 +0 -78 +0 

1678366581491897
36 -286 -47 -31 +0 
40 -1624 -618 -221 -173 
44 -1290 -967 -331 -552 
48 -605 -729 -173 -394 
52 -366 -539 -94 -236 
56 -254 -333 -94 -205 
60 -175 -206 -78 -157 
64 -63 -111 -63 -63 
72 -95 -15 -31 -31 
76 -79 -31 -15 -31 
7288 +0 +0 -78 +0 
13996 +0 +0 -78 +0 

1678366581830028
36 -891 -63 -616 +0 
40 -1465 -333 -837 -78 
44 -1083 -428 -663 -173 
48 -477 -301 -426 -157 
52 -302 -174 -236 -63 
56 -222 -95 -126 -31 
60 -111 -31 -78 -31 
68 -79 -47 -15 -15 
12796 +0 +0 -94 +0 

1678366581944909
36 -445 +0 -63 -15 
40 -1003 -158 -189 -78 
44 -891 -190 -315 -110 
48 -653 -47 -315 -94 
52 -302 -63 -157 -78 
56 -175 -95 -63 -63 
60 -127 -31 -63 -31 
64 -95 +0 -31 -31 
432 +0 -79 +0 +0 
436 +0 -111 -15 +0 

1678366583502029
40 -1003 +0 -142 +0 
44 -2000 -63 -126 +0 
48 -2000 -95 -63 +0 
52 -1592 -15 -47 +0 
56 -860 +0 -15 +0 
60 -541 -15 +0 +0 
64 -398 -15 +0 +0 
68 -318 +0 +0 +0 
72 -175 +0 -31 +0 
76 -111 +0 -15 +0 
10380 +0 +0 -78 +0 

1678366584481407
32 -111 -15 -63 +0 
36 -891 -111 -315 -78 
40 -1322 -158 -331 -157 
44 -716 -222 -126 -110 
48 -350 -126 -110 -47 
52 -334 -47 -110 -78 
56 -143 -15 -47 -31 
64 -79 -31 -31 -15 

1678366585818782
32 -47 -47 -931 +0 
36 -748 -809 -1153 -78 
40 -1035 -1063 -1010 -189 
44 -955 -904 -931 -94 
48 -493 -602 -726 -126 
52 -270 -364 -616 -47 
56 -143 -190 -489 -47 
60 -111 -142 -284 -31 
64 -95 -111 -236 -15 
68 -31 -95 -142 -15 
72 -63 -31 -78 -31 
76 -47 +0 -110 -15 
80 -47 +0 -78 -15 
100 +0 -31 -78 +0 
456 +0 +0 -78 +0 
12964 +0 +0 -78 +0 

1678366586023034
32 -79 -31 -110 -47 
36 -796 -238 -363 -457 
40 -1146 -587 -537 -331 
44 -796 -317 -379 -189 
48 -302 -190 -205 -173 
52 -191 -174 -142 -157 
56 -127 -142 -78 -78 
60 -95 -31 -31 -31 
64 -63 +0 -94 -31 
80 -15 +0 -31 -78 

1678366587392681
32 -111 +0 -31 +0 
36 -780 -63 -126 -94 
40 -1226 -285 -426 -268 
44 -605 -206 -458 -331 
48 -350 -126 -315 -173 
52 -238 -63 -205 -47 
56 -127 -31 -47 -94 
60 -111 -79 -31 -63 
7444 +0 +0 -78 +0 

1678366587591024
36 -191 +0 -15 +0 
40 -1099 +0 +0 +0 
44 -1130 +0 -15 +0 
48 -541 +0 +0 +0 
52 -207 +0 +0 +0 
56 -191 +0 -15 +0 
60 -111 +0 +0 +0 
68 -95 +0 +0 +0 
5364 +0 +0 -94 +0 

1678366587622015
36 -716 -158 -568 -15 
40 -2000 -840 -1026 -268 
44 -2000 -1142 -1010 -394 
48 -2000 -618 -742 -236 
52 -1290 -285 -568 -94 
56 -716 -238 -300 -78 
60 -589 -142 -189 -31 
64 -398 -47 -126 -15 
68 -143 -47 -94 -15 
72 -175 -31 -63 -31 
76 -143 -15 -31 -15 
80 -95 -15 -47 -15 
88 -95 -15 +0 +0 
92 -79 +0 -15 +0 
8448 +0 +0 -78 +0 
15756 +0 +0 -78 +0 

1678366587804022
36 -254 +0 -347 -15 
40 -1322 -79 -726 -63 
44 -1130 -158 -600 -126 
48 -684 -238 -252 -63 
52 -366 -95 -236 -31 
56 -191 -47 -157 -15 
60 -143 -31 -78 +0 
64 -143 -15 -63 -15 
68 -79 +0 -47 +0 
1716 +0 +0 -78 +0 

1678366587865119
36 -923 +0 -126 +0 
40 -1099 -95 -300 -78 
44 -907 -238 -331 -78 
48 -557 -111 -268 -63 
52 -286 -31 -142 -63 
56 -143 -95 -94 -78 
60 -143 -15 -94 -31 
64 -79 -47 -78 -15 
3960 +0 +0 -78 +0 
13332 +0 +0 -78 +0 
13336 +0 +0 -78 +0 

1678366588204531
36 -79 -15 -78 +0 
40 -1417 -47 -884 -47 
44 -2000 -618 -1089 -505 
48 -1640 -698 -821 -457 
52 -971 -380 -584 -221 
56 -461 -253 -410 -173 
60 -254 -111 -157 -110 
64 -159 -95 -142 -47 
68 -95 -47 -110 -110 
72 -79 -31 -110 -47 
6952 +0 +0 -78 +0 

1678366588617412
36 -541 -31 -157 +0 
40 -1019 -222 -47 +0 
44 -541 -301 +0 +0 
48 -286 -142 -31 +0 
52 -175 -79 -47 +0 
56 -175 -31 +0 +0 
60 -95 +0 -15 +0 

1678366589626031
36 -748 -174 -15 +0 
40 -1433 -444 +0 +0 
44 -923 -349 -15 +0 
48 -700 -142 -15 +0 
52 -334 -142 -15 +0 
56 -191 -111 +0 +0 
60 -111 -63 +0 +0 
64 -127 -31 +0 +0 
68 -127 -47 +0 +0 
3356 +0 +0 -78 +0 

1678366590822398
36 -445 -47 -600 -15 
40 -1879 -190 -979 -110 
44 -1513 -317 -773 -94 
48 -907 -126 -521 -78 
52 -605 -174 -347 -110 
56 -222 -126 -126 -47 
60 -143 -95 -78 -63 
64 -95 -63 -94 -63 
68 -143 -31 -94 -15 
72 -63 +0 -78 -15 
2428 +0 +0 -78 +0 
7732 +0 +0 -78 +0 
7924 +0 +0 -78 +0 
9756 +0 +0 -78 +0 
10664 +0 +0 -78 +0 

1678366591063533
36 -318 +0 -331 +0 
40 -1895 -317 -963 +0 
44 -2000 -618 -995 +0 
48 -1688 -729 -884 +0 
52 -1417 -253 -710 +0 
56 -796 -206 -505 +0 
60 -573 -111 -252 +0 
64 -254 -158 -157 +0 
68 -127 -95 -157 +0 
72 -127 -15 -142 +0 
76 -79 +0 -142 +0 
308 +0 +0 -78 +0 

1678366591476656
36 -557 -507 -126 +0 
40 -1353 -1142 -394 +0 
44 -1306 -856 -410 +0 
48 -653 -491 -173 +0 
52 -334 -301 -63 +0 
56 -270 -190 -110 +0 
60 -175 -126 -47 +0 
64 -111 -95 -15 +0 
68 -79 -63 -63 +0 
620 +0 +0 -78 +0 

1678366591729770
32 -79 +0 -15 +0 
36 -891 +0 -15 +0 
40 -1115 +0 -15 +0 
44 -382 +0 +0 +0 
48 -238 +0 +0 +0 
52 -175 +0 -15 +0 
56 -111 +0 -15 +0 
4440 +0 +0 -78 +0 
4732 +0 +0 -78 +0 
5768 +0 +0 -78 +0 

1678366592138168
32 -31 -31 -157 -31 
36 -891 -253 -647 -236 
40 -1481 -634 -742 -505 
44 -828 -571 -631 -331 
48 -668 -301 -300 -142 
52 -366 -206 -205 -110 
56 -143 -126 -142 -78 
60 -111 -79 -94 -110 
68 -31 -31 -47 -78 

1678366593015029
40 -1640 +0 -47 +0 
44 -2000 -253 -426 +0 
48 -2000 -809 -631 -15 
52 -2000 -602 -552 +0 
56 -1433 -364 -458 +0 
60 -796 -142 -363 +0 
64 -525 -63 -157 +0 
68 -430 -31 -126 +0 
72 -398 -31 -63 +0 
76 -222 -31 -31 -15 
80 -175 +0 -47 +0 
84 -111 -31 -47 +0 
88 -127 +0 -47 +0 
872 +0 +0 -78 +0 
2564 +0 +0 -78 +0 

1678366593141415
36 -907 +0 -726 -31 
40 -2000 -222 -1121 -221 
44 -1879 -476 -995 -315 
48 -1115 -396 -852 -236 
52 -430 -333 -552 -110 
56 -382 -111 -205 -47 
60 -254 -31 -157 -15 
64 -111 -15 -94 -31 
68 -111 -63 -63 -31 
8468 +0 +0 -78 +0 
9148 +0 +0 -78 +0 
13472 +0 +0 -78 +0 

1678366593339273
36 -684 -63 -284 -63 
40 -1863 -364 -647 -205 
44 -1194 -396 -489 -315 
48 -525 -253 -315 -157 
52 -270 -238 -173 -110 
56 -254 -95 -142 -78 
60 -127 -47 -47 -63 
68 -79 -31 -31 -15 
6596 +0 +0 -78 +0 
12208 +0 +0 -78 +0 

1678366593408175
36 -175 +0 -394 +0 
40 -1146 +0 -931 -15 
44 -1290 -111 -852 -78 
48 -700 -222 -568 -78 
52 -302 -95 -252 -63 
56 -159 -31 -126 -78 
60 -79 -15 -126 -47 
64 -79 -15 -78 -15 
6064 +0 +0 -78 +0 

1678366593607898
32 -31 +0 -157 +0 
36 -461 -380 -758 -410 
40 -1035 -825 -789 -947 
44 -939 -602 -631 -836 
48 -573 -317 -489 -473 
52 -382 -206 -426 -300 
56 -207 -126 -236 -205 
60 -127 -79 -157 -189 
64 -95 -79 -157 -126 
68 -63 -63 -110 -94 
72 -31 -15 -63 -78 
576 +0 +0 -78 +0 
4588 +0 +0 -78 +0 
8052 +0 +0 -78 +0 
8788 +0 +0 -78 +0 
11248 +0 +0 -78 +0 
12840 +0 +0 -78 +0 
13960 +0 +0 -94 +0 

1678366593873903
32 -95 -31 -236 -15 
36 -923 -349 -758 -331 
40 -1401 -872 -821 -536 
44 -1051 -602 -679 -394 
48 -525 -285 -489 -300 
52 -350 -174 -236 -157 
56 -318 -111 -205 -110 
60 -127 -79 -94 -47 
64 -79 -15 -63 -15 
72 -79 -63 -63 -31 
1536 +0 +0 -78 +0 
13212 +0 +0 -78 +0 
15364 +0 +0 -78 +0 

1678366594053604
36 -127 +0 +0 +0 
40 -2000 +0 +0 +0 
44 -2000 +0 +0 +0 
48 -2000 +0 -15 +0 
52 -1959 +0 -15 +0 
56 -1051 +0 +0 +0 
60 -684 +0 +0 +0 
64 -477 +0 -15 +0 
68 -222 +0 -31 +0 
72 -143 +0 -15 +0 
76 -175 +0 +0 +0 
80 -159 +0 +0 +0 
84 -111 +0 -31 +0 
120 -95 +0 -31 +0 
5848 +0 +0 -78 +0 
16128 +0 +0 -78 +0 

1678366594339282
36 -557 -47 -47 -15 
40 -1051 -174 -315 -47 
44 -796 -396 -426 -31 
48 -430 -301 -221 -15 
52 -254 -95 -157 -15 
56 -111 -79 -173 +0 
60 -79 -63 -78 +0 
64 -79 -31 -47 +0 
72 -79 +0 -31 +0 
1064 +0 +0 -94 +0 
8844 +0 +0 -78 +0 

1678366594523408
36 -254 +0 -300 +0 
40 -1035 -63 -758 +0 
44 -1401 -111 -695 +0 
48 -605 -174 -537 +0 
52 -254 -126 -347 +0 
56 -191 -63 -157 +0 
60 -143 -15 -78 +0 
64 -79 -15 -126 +0 
728 +0 +0 -78 +0 
1656 +0 +0 -78 +0 
6244 +0 +0 -78 +0 
10768 +0 +0 -94 +0 
11104 +0 +0 -78 +0 
11172 +0 +0 -78 +0 

1678366595317786
36 -270 +0 +0 +0 
40 -1752 +0 -78 +0 
44 -2000 -15 -252 +0 
48 -1417 -31 -221 +0 
52 -876 -47 -126 +0 
56 -541 -47 -78 +0 
60 -318 +0 -47 +0 
64 -143 +0 -31 +0 
76 -79 +0 -15 +0 
88 -47 +0 -78 +0 
5024 +0 +0 -78 +0 
6176 +0 +0 -78 +0 

1678366596078529
36 -175 +0 -15 +0 
40 -1465 +0 -15 +0 
44 -1513 +0 -15 +0 
48 -668 +0 -31 +0 
52 -382 +0 -31 +0 
56 -286 +0 -31 +0 
60 -111 +0 -15 +0 
64 -95 +0 -15 +0 
8988 +0 +0 -78 +0 

1678366596303539
32 -15 +0 -94 +0 
36 -637 -79 -537 +0 
40 -1083 -238 -568 +0 
44 -732 -380 -442 +0 
48 -334 -222 -173 +0 
52 -222 -126 -47 +0 
56 -159 -63 -47 +0 
60 -79 -126 -15 +0 
280 +0 +0 -78 +0 
472 +0 +0 -78 +0 
8984 +0 +0 -78 +0 
10888 +0 +0 -78 +0 
12916 +0 +0 -78 +0 
13676 +0 +0 -94 +0 
13936 +0 +0 -78 +0 

1678366596627892
36 -493 -15 -458 +0 
40 -1210 -158 -679 +0 
44 -860 -206 -600 +0 
48 -430 -206 -394 +0 
52 -254 -111 -236 +0 
56 -95 -142 -142 +0 
60 -111 -79 -78 +0 
64 -111 -47 -47 +0 
588 +0 +0 -78 +0 
3280 +0 +0 -78 +0 
10144 +0 +0 -78 +0 

1678366597164031
36 -430 -63 -94 -94 
40 -1768 -476 -426 -189 
44 -1799 -602 -521 -363 
48 -828 -364 -379 -189 
52 -477 -190 -236 -110 
56 -302 -142 -94 -110 
60 -127 -111 -78 -47 
64 -111 -63 -47 -31 
9380 +0 +0 -94 +0 
11688 +0 +0 -110 +0 
12432 +0 +0 -78 +0 
14480 +0 +0 -78 +0 

1678366597792145
36 -318 +0 -94 +0 
40 -1258 -31 -63 +0 
44 -1258 -79 -15 +0 
48 -716 -174 -15 +0 
52 -334 -142 -15 +0 
56 -191 -47 -15 +0 
60 -127 -15 -15 +0 
64 -111 -15 +0 +0 
5280 +0 +0 -78 +0 
5632 +0 +0 -78 +0 
10204 +0 +0 -78 +0 
10844 +0 +0 -78 +0 
11980 +0 +0 -78 +0 

1678366597903021
36 -493 -15 -379 -15 
40 -1433 -301 -616 -142 
44 -812 -349 -458 -252 
48 -286 -206 -236 -94 
52 -238 -126 -142 -63 
56 -111 -158 -142 -63 
60 -79 -63 -63 -31 
6120 +0 +0 -78 +0 
7552 +0 +0 -78 +0 
8564 +0 +0 -78 +0 
11980 +0 +0 -78 +0 
14816 +0 +0 -78 +0 

1678366598245911
36 -684 -364 -505 -78 
40 -1146 -856 -773 -94 
44 -923 -571 -584 -189 
48 -716 -253 -489 -63 
52 -430 -190 -363 -31 
56 -207 -95 -173 -31 
60 -111 -47 -94 -31 
64 -47 -63 -78 +0 
68 -63 -79 -31 -15 
464 +0 +0 -78 +0 
9388 +0 +0 -78 +0 

1678366598486895
36 -700 +0 +0 +0 
40 -1274 +0 +0 +0 
44 -1194 +0 +0 +0 
48 -668 +0 +0 +0 
52 -477 +0 -15 +0 
56 -254 +0 -15 +0 
60 -111 +0 -15 +0 
64 -95 +0 -31 +0 
68 -143 +0 -15 +0 
2684 +0 +0 -78 +0 
5556 +0 +0 -78 +0 
6060 +0 +0 -94 +0 
8976 +0 +0 -78 +0 
9888 +0 +0 -78 +0 
11940 +0 +0 -78 +0 
12244 +0 +0 -78 +0 

1678366598798663
36 -414 +0 -458 +0 
40 -1497 -222 -726 -63 
44 -1720 -539 -679 -94 
48 -955 -333 -537 -47 
52 -477 -285 -268 -31 
56 -382 -206 -142 -15 
60 -270 -111 -126 +0 
64 -47 -31 -110 +0 
6376 +0 +0 -78 +0 
9700 +0 +0 -78 +0 
11444 +0 +0 -78 +0 
14760 +0 +0 -78 +0 
15596 +0 +0 -78 +0 

1678366598919899
32 -111 -95 -47 -157 
36 -860 -491 -458 -521 
40 -1035 -507 -521 -426 
44 -445 -349 -284 -189 
48 -318 -238 -189 -63 
52 -207 -95 -142 -142 
56 -127 -142 -47 -78 

1678366599417907
36 -111 +0 +0 +0 
40 -1353 +0 +0 +0 
44 -2000 +0 -15 +0 
48 -2000 +0 +0 +0 
52 -2000 +0 +0 +0 
56 -1226 +0 +0 +0 
60 -684 +0 +0 +0 
64 -318 +0 +0 +0 
68 -207 +0 +0 +0 
72 -159 +0 +0 +0 
76 -95 +0 +0 +0 
80 -143 +0 +0 +0 
84 -79 +0 +0 +0 
212 -238 +0 +0 +0 
216 -525 +0 +0 +0 
220 -334 +0 +0 +0 
224 -286 +0 -15 +0 
228 -143 +0 +0 +0 

1678366599470675
36 -525 -31 -600 -205 
40 -1067 -269 -742 -536 
44 -780 -238 -600 -726 
48 -238 -95 -410 -489 
52 -286 -79 -252 -252 
56 -222 -63 -157 -205 
60 -79 -31 -157 -63 
64 -47 -31 -47 -94 
5476 +0 +0 -78 +0 
6872 +0 +0 -78 +0 
8748 +0 +0 -78 +0 
12728 +0 +0 -78 +0 
12764 +0 +0 -94 +0 

1678366600828415
12 -95 +0 +0 +0 
20 -79 +0 -15 +0 
24 -238 +0 -15 +0 
28 -493 +0 -15 +0 
32 -732 +0 +0 +0 
36 -891 +0 -15 +0 
40 -1130 +0 +0 +0 
44 -1513 +0 +0 +0 
48 -1353 +0 +0 +0 
52 -1608 +0 -15 +0 
56 -1736 +0 -15 +0 
60 -1704 +0 +0 +0 
64 -1592 +0 +0 +0 
68 -1608 +0 -31 +0 
72 -1592 +0 -15 +0 
76 -1258 +0 +0 +0 
80 -1115 +0 +0 +0 
84 -1210 +0 -31 +0 
88 -812 +0 -31 +0 
92 -653 +0 -15 +0 
96 -477 +0 +0 +0 
100 -461 +0 +0 +0 
104 -493 +0 -31 +0 
108 -398 +0 -15 +0 
112 -286 +0 +0 +0 
116 -238 +0 +0 +0 
120 -207 +0 +0 +0 
124 -191 +0 -15 +0 
128 -159 +0 +0 +0 
132 -191 +0 -31 +0 
136 -238 +0 -15 +0 
140 -143 +0 +0 +0 
144 -95 +0 -15 +0 
148 -79 +0 +0 +0 
152 -127 +0 +0 +0 
156 -143 +0 -31 +0 
164 -79 +0 -15 +0 
776 +0 +0 -94 +0 
3036 +0 +0 -78 +0 
12356 +0 +0 -78 +0 
14816 +0 +0 -78 +0 
15764 +0 +0 -78 +0 

1678366600961904
36 -254 +0 -584 +0 
40 -1019 -79 -963 +0 
44 -1019 -190 -852 +0 
48 -653 -190 -663 +0 
52 -366 -158 -410 +0 
56 -207 -126 -236 +0 
60 -127 -63 -142 +0 
64 -47 -31 -78 +0 
68 -95 +0 -47 +0 
2496 +0 +0 -78 +0 
3056 +0 +0 -94 +0 
4556 +0 +0 -78 +0 
5344 +0 +0 -94 +0 
8872 +0 +0 -78 +0 
10820 +0 +0 -94 +0 
10884 +0 +0 -78 +0 
15256 +0 +0 -78 +0 

1678366601206903
36 -334 -111 -379 -63 
40 -1385 -222 -410 -142 
44 -1099 -206 -268 -205 
48 -445 -142 -252 -94 
52 -398 -79 -157 -63 
56 -350 -31 -126 -47 
60 -95 -15 -63 -31 
2068 +0 +0 -15 -78 
5180 +0 +0 -94 +0 

1678366601483901
36 -222 +0 -15 -31 
40 -1130 -111 -157 -142 
44 -1226 -222 -252 -205 
48 -716 -206 -189 -157 
52 -254 -79 -142 -78 
56 -207 -79 -63 -78 
60 -191 -47 -47 -31 
64 -79 -15 -78 -15 
3396 +0 +0 -78 +0 
8736 +0 +0 -78 +0 
8828 +0 +0 -94 +0 
11424 +0 +0 -78 +0 
14736 +0 +0 -78 +0 

1678366601808288
36 -159 +0 -505 +0 
40 -1051 -95 -1026 -78 
44 -1130 -222 -963 -63 
48 -493 -126 -710 -47 
52 -318 -111 -458 -110 
56 -238 -63 -236 -47 
60 -79 -47 -173 -47 
64 -31 -15 -78 -31 
68 -15 +0 -94 +0 
876 +0 +0 -78 +0 
3664 +0 +0 -110 +0 
9964 +0 +0 -78 +0 
11280 +0 +0 -78 +0 
15336 +0 +0 -110 +0 
16180 +0 +0 -94 +0 

1678366603168668
36 -127 -15 -394 +0 
40 -1290 -158 -805 -110 
44 -1210 -301 -805 -268 
48 -589 -253 -663 -284 
52 -318 -158 -521 -157 
56 -254 -79 -284 -157 
60 -143 -95 -221 -47 
64 -63 -111 -63 -15 
68 -79 -31 -78 -15 
72 -31 -15 -94 -31 
1516 +0 +0 -78 +0 
3048 +0 +0 -78 +0 
3304 +0 +0 -78 +0 
4268 +0 +0 -78 +0 
7404 +0 +0 -94 +0 
7436 +0 +0 -78 +0 
9432 +0 +0 -110 +0 
10612 +0 +0 -78 +0 
10616 +0 +0 -94 +0 
10732 +0 +0 -78 +0 
11236 +0 +0 -94 +0 

1678366603426895
36 -860 -47 +0 +0 
40 -1130 -380 +0 +0 
44 -637 -364 -15 +0 
48 -398 -380 -15 +0 
52 -270 -142 -15 +0 
56 -111 -95 +0 +0 
60 -159 -79 -15 +0 
4344 +0 +0 -110 +0 

1678366603523911
36 -605 +0 -505 +0 
40 -1083 -79 -789 -47 
44 -684 -174 -552 -94 
48 -334 -126 -426 -142 
52 -222 -79 -236 -63 
56 -191 -47 -142 -63 
60 -95 -15 -142 -31 
1720 +0 +0 -78 +0 

1678366603668021
32 -79 +0 -110 +0 
36 -844 +0 -157 +0 
40 -1338 +0 -78 +0 
44 -907 +0 -31 +0 
48 -382 +0 -15 +0 
52 -222 +0 -15 +0 
56 -159 +0 +0 +0 
60 -95 +0 +0 +0 
2400 +0 +0 -110 +0 
11200 +0 +0 -173 +0 

1678366603904899
36 -159 -95 -252 -15 
40 -1624 -396 -805 -94 
44 -1768 -460 -821 -157 
48 -939 -412 -616 -110 
52 -573 -238 -473 -94 
56 -461 -95 -236 -47 
60 -222 -31 -157 -47 
64 -111 -79 -126 -31 
68 -47 -95 -94 -15 
76 -15 -15 -110 +0 
80 -47 -15 -94 -15 
2724 +0 +0 -94 +0 
11124 +0 +0 -78 +0 

1678366604313042
36 -509 -31 +0 +0 
40 -1481 -380 +0 +0 
44 -1768 -745 +0 +0 
48 -1242 -555 +0 +0 
52 -716 -301 +0 +0 
56 -382 -174 +0 +0 
60 -286 -63 +0 +0 
64 -95 -47 +0 +0 
68 -95 -47 +0 +0 
72 -159 -63 -31 +0 
12744 +0 +0 -94 +0 

1678366604481896
36 -207 +0 +0 +0 
40 -1003 -126 -15 +0 
44 -876 -206 +0 +0 
48 -589 -111 +0 +0 
52 -430 -63 -31 +0 
56 -238 -31 -15 +0 
60 -79 -31 +0 +0 
88 +0 +0 -78 +0 
860 +0 +0 -78 +0 
3716 +0 +0 -94 +0 
8616 +0 +0 -78 +0 
12716 +0 +0 -78 +0 

1678366605123042
36 -302 -174 -426 -110 
40 -1130 -396 -695 -284 
44 -812 -380 -647 -284 
48 -477 -269 -489 -236 
52 -222 -95 -268 -126 
56 -127 -95 -189 -63 
60 -47 -79 -126 -47 
72 -15 +0 -78 -15 
76 -15 +0 -110 -15 
3608 +0 +0 -78 +0 
8376 +0 +0 -78 +0 
13520 +0 +0 -78 +0 
16060 +0 +0 -78 +0 

1678366605214913
36 -95 -47 -126 +0 
40 -1210 -111 -726 -94 
44 -1592 -349 -821 -331 
48 -907 -428 -616 -300 
52 -477 -380 -363 -236 
56 -302 -190 -315 -126 
60 -191 -79 -189 -78 
64 -111 -47 -110 -63 
68 -95 -15 -94 -31 
72 -47 -47 -78 -31 
3632 +0 +0 -78 +0 

1678366605432903
36 -509 -47 -410 -31 
40 -1465 -507 -679 -284 
44 -987 -634 -663 -473 
48 -382 -460 -552 -315 
52 -302 -333 -442 -142 
56 -207 -142 -221 -47 
60 -95 -95 -94 -31 
64 -63 -47 -78 -47 
68 -47 -31 -110 -15 
13888 +0 +0 -78 +0 

1678366605450396
36 -621 -95 -142 -173 
40 -1003 -206 -173 -252 
44 -1051 -222 -189 -94 
48 -573 -111 -110 -78 
52 -222 -63 -63 -47 
56 -270 -31 -31 -47 
60 -238 +0 -47 -31 
64 -111 +0 -31 -47 
2420 +0 +0 -78 +0 
4004 +0 +0 -78 +0 
8404 +0 +0 -94 +0 

1678366605515902
36 -430 +0 -410 -15 
40 -1274 -190 -805 -94 
44 -1019 -269 -695 -142 
48 -366 -126 -426 -126 
52 -207 -63 -252 -63 
56 -143 -95 -126 -47 
60 -95 -47 -78 -15 
64 -79 -31 -31 -15 
68 -63 +0 -94 -15 
13788 +0 +0 -78 +0 

1678366606992782
36 -461 -79 -489 +0 
40 -1736 -555 -852 +0 
44 -1624 -698 -805 +0 
48 -971 -444 -537 +0 
52 -414 -364 -205 +0 
56 -270 -174 -205 +0 
60 -222 -142 -221 +0 
64 -159 -95 -78 +0 
68 -95 -63 -63 +0 

1678366607025678
32 -15 -126 -15 -47 
36 -509 -682 +0 -221 
40 -1099 -1253 +0 -78 
44 -1115 -682 +0 +0 
48 -653 -285 -15 -31 
52 -430 -222 -31 -15 
56 -222 -190 +0 +0 

1678366607172032
36 -653 -682 -31 +0 
40 -1465 -1380 -15 +0 
44 -1481 -967 -15 +0 
48 -653 -602 -15 +0 
52 -557 -396 +0 +0 
56 -318 -206 +0 +0 
60 -143 -95 +0 +0 
64 -111 -47 +0 +0 
1416 +0 +0 -78 +0 
5972 +0 +0 -78 +0 
15276 +0 +0 -78 +0 

1678366608111290
36 -525 +0 +0 +0 
40 -1274 +0 +0 +0 
44 -1274 +0 -15 +0 
48 -764 +0 -47 +0 
52 -382 +0 -15 +0 
56 -222 +0 +0 +0 
60 -127 +0 -15 +0 
2268 +0 +0 -78 +0 
4568 +0 +0 -94 +0 

1678366608203142
36 -477 -126 -15 +0 
40 -1258 -380 -15 +0 
44 -1130 -380 -15 +0 
48 -828 -253 +0 +0 
52 -525 -111 +0 +0 
56 -334 -79 +0 +0 
60 -222 -79 +0 +0 
64 -111 -47 -15 +0 
10080 +0 +0 -78 +0 
