
1678366653454281
36 -143 -31 -189 -15 
40 -541 -79 -394 -268 
44 -589 -158 -315 -142 
48 -286 -142 -189 -78 
52 -79 -95 -126 -126 
56 -47 -111 -47 -94 

1678366653543030
36 -350 +0 +0 +0 
40 -700 +0 +0 +0 
44 -382 +0 +0 +0 
48 -111 +0 +0 +0 
52 -127 +0 +0 +0 

1678366653607043
36 -302 -174 -110 +0 
40 -1083 -412 -442 -252 
44 -1099 -539 -489 -236 
48 -876 -396 -347 -189 
52 -414 -126 -189 -94 
56 -175 -142 -94 -78 
60 -159 -126 -63 -31 
64 -127 -31 -47 -15 
68 -79 -31 -15 -15 
72 -31 -79 -15 -15 

1678366653635639
32 -63 -63 -63 -394 
36 -461 -396 -252 -900 
40 -573 -301 -268 -742 
44 -302 -222 -126 -363 
48 -143 -63 -94 -252 
52 -111 -63 -47 -157 
56 -79 -31 -94 -126 
60 -31 +0 -47 -78 

1678366653823164
40 -668 +0 -78 +0 
44 -1130 +0 -47 +0 
48 -684 +0 +0 +0 
52 -270 +0 -15 +0 
56 -191 +0 +0 +0 
60 -143 +0 +0 +0 

1678366653905333
36 -127 -95 -189 +0 
40 -684 -301 -663 -31 
44 -1051 -507 -679 -110 
48 -493 -460 -489 -94 
52 -318 -253 -300 -47 
56 -238 -126 -126 -63 
60 -159 -63 -110 -31 
64 -95 -47 -78 -15 

1678366653973008
36 -47 -412 +0 -15 
40 -653 -1713 -110 -47 
44 -1035 -1840 -252 -126 
48 -605 -1015 -173 -110 
52 -334 -412 -94 -63 
56 -350 -301 -47 -47 
60 -143 -142 -31 -15 
64 -127 -47 -15 -15 
68 -111 -190 -15 -15 
72 -47 -79 +0 -15 

1678366654203905
32 -79 +0 +0 +0 
36 -430 -63 +0 +0 
40 -541 -126 +0 +0 
44 -222 -63 +0 +0 
48 -191 -15 +0 +0 
52 -143 -31 -15 +0 
56 -79 +0 -15 +0 
60 -79 -15 +0 +0 
64 -79 +0 +0 +0 

1678366654283172
32 +0 -111 +0 +0 
36 -398 -238 +0 +0 
40 -1210 -793 +0 +0 
44 -1051 -698 +0 +0 
48 -573 -333 +0 +0 
52 -350 -158 +0 +0 
56 -175 -111 +0 +0 
60 -111 -142 +0 +0 
64 -127 -111 +0 +0 
68 -79 -79 +0 +0 

1678366654463031
32 +0 +0 -31 -78 
36 -334 -222 -268 -142 
40 -509 -222 -347 -126 
44 -350 -158 -110 -63 
48 -127 -63 -94 -47 

1678366654515144
36 -398 -111 -331 -205 
40 -541 -158 -236 -221 
44 -350 -142 -221 -142 
48 -175 -174 -252 -78 
52 -79 -31 -110 -15 
56 -111 -47 -31 -47 

1678366654540025
36 -63 -15 -157 -94 
40 -589 -396 -379 -221 
44 -525 -476 -379 -252 
48 -318 -253 -173 -142 
52 -175 -63 -126 -63 
56 -79 -79 -78 -31 
60 -79 -47 -78 -15 

1678366654563344
32 -63 -47 -94 -63 
36 -461 -380 -742 -505 
40 -541 -491 -947 -852 
44 -414 -380 -616 -631 
48 -318 -253 -347 -315 
52 -175 -111 -205 -157 
56 -127 -63 -126 -63 
60 -47 -63 -78 -78 
64 -31 -15 -63 -78 

1678366654686038
36 -175 +0 +0 +0 
40 -668 +0 -15 +0 
44 -573 +0 +0 +0 
48 -159 +0 +0 +0 
52 -127 +0 -31 +0 
56 -175 +0 -15 +0 

1678366654704640
32 -79 -31 -110 -15 
36 -270 -142 -458 -221 
40 -541 -364 -442 -173 
44 -414 -269 -189 -142 
48 -143 -142 -126 -78 
52 -143 -111 -78 -63 
56 -95 -31 -110 -47 

1678366654803895
40 -605 +0 -15 +0 
44 -939 +0 +0 +0 
48 -653 +0 +0 +0 
52 -302 +0 +0 +0 
56 -238 +0 -15 +0 
60 -143 +0 +0 +0 

1678366654827388
32 -31 -15 -126 -15 
36 -366 -301 -315 -236 
40 -557 -380 -300 -284 
44 -222 -317 -110 -78 
48 -143 -158 -94 -47 
52 -95 -111 -126 -63 
56 -95 -79 -78 -47 

1678366654932905
36 -254 +0 -15 +0 
40 -700 -15 -78 +0 
44 -461 -47 -47 +0 
48 -143 -15 -31 +0 
52 -191 +0 -15 +0 
56 -111 +0 -15 +0 

1678366654960133
36 -15 -95 -268 -142 
40 -700 -698 -647 -631 
44 -987 -682 -821 -410 
48 -573 -476 -473 -142 
52 -477 -206 -221 -189 
56 -222 -158 -205 -142 
60 -79 -111 -94 -63 
64 -95 -15 -47 -47 
68 -79 -15 -63 -31 
84 -47 -15 -78 +0 
6048 +0 +0 -78 +0 

1678366655021892
36 -143 -47 -142 -31 
40 -812 -349 -347 -205 
44 -732 -539 -221 -205 
48 -430 -444 -94 -78 
52 -222 -285 -126 -47 
56 -127 -142 -110 -94 
60 -207 -63 -31 -47 
64 -127 -15 -31 -15 

1678366655039265
32 -238 -95 -458 -94 
36 -477 -412 -979 -173 
40 -573 -444 -758 -94 
44 -254 -206 -363 -63 
48 -111 -63 -236 -31 
52 -63 -31 -189 -31 
56 -47 -47 -142 -47 
60 -15 +0 -110 -15 
4684 +0 +0 -94 +0 
14132 +0 +0 -78 +0 

1678366655115035
32 -31 -31 -110 +0 
36 -302 -269 -568 -63 
40 -637 -491 -537 -110 
44 -350 -206 -252 -94 
48 -95 -174 -221 -47 
52 -111 -253 -221 -63 
56 -79 -79 -94 -15 
68 -15 -79 -63 -15 

1678366655218907
36 -430 -380 +0 +0 
40 -541 -507 +0 +0 
44 -318 -333 +0 +0 
48 -79 -174 -15 +0 
52 -79 -126 +0 +0 
56 -111 -63 +0 +0 

1678366655305900
36 -493 -238 -552 -173 
40 -1019 -634 -789 -236 
44 -653 -523 -584 -157 
48 -398 -238 -473 -78 
52 -270 -126 -268 -110 
56 -111 -95 -157 -47 
60 -111 -47 -110 -31 
72 -79 -15 -31 +0 
76 -31 -47 -78 +0 
80 +0 -15 -78 +0 
640 +0 +0 -78 +0 
7244 +0 +0 -78 +0 

1678366655385169
36 -430 -95 -268 -94 
40 -1051 -444 -647 -252 
44 -668 -491 -663 -205 
48 -445 -206 -284 -142 
52 -207 -142 -110 -94 
56 -95 -79 -126 -47 
60 -79 -47 -63 -15 
68 -31 +0 -78 -15 
14544 +0 +0 -78 +0 

1678366655555041
36 -254 -79 -442 -78 
40 -796 -222 -616 -189 
44 -605 -269 -300 -173 
48 -238 -126 -142 -110 
52 -175 -47 -126 -94 
56 -143 -63 -110 -47 
5980 +0 +0 -78 +0 

1678366655586136
40 -812 -31 -78 -63 
44 -1051 -158 -205 -142 
48 -812 -317 -221 -300 
52 -350 -206 -110 -94 
56 -159 -79 -63 -78 
60 -111 -47 -63 -31 
14368 +0 +0 -78 +0 

1678366655616145
32 -95 -47 -363 -189 
36 -414 -444 -758 -584 
40 -525 -269 -521 -710 
44 -191 -95 -315 -347 
48 -159 -111 -205 -221 
52 -143 -95 -78 -142 
2064 +0 +0 -78 +0 

1678366655725154
36 -191 -47 -189 -173 
40 -844 -507 -679 -568 
44 -828 -507 -710 -426 
48 -493 -333 -221 -157 
52 -350 -206 -205 -157 
56 -191 -126 -205 -78 
60 -95 -47 -47 -31 
6164 +0 +0 -78 +0 

1678366655777662
36 -286 -63 -284 -15 
40 -716 -253 -647 -126 
44 -445 -285 -410 -189 
48 -191 -111 -157 -157 
52 -175 -111 -94 -94 
56 -79 -63 -110 -63 
4496 +0 +0 -78 +0 
4972 +0 +0 -78 +0 
5096 +0 +0 -78 +0 

1678366656091039
36 -63 +0 -157 +0 
40 -573 -79 -394 -47 
44 -286 -158 -331 -157 
48 -238 -174 -110 -78 
52 -207 -63 -157 -15 
56 -95 -31 -78 -31 
3404 +0 +0 -94 +0 
6092 +0 +0 -78 +0 
11124 +0 +0 -94 +0 
15932 +0 +0 -78 +0 

1678366656239037
36 -111 -285 -63 -442 
40 -509 -777 -347 -1215 
44 -605 -777 -458 -963 
48 -493 -333 -268 -552 
52 -207 -222 -189 -394 
56 -95 -190 -110 -126 
60 -47 -158 -78 -47 
76 +0 -15 -31 -94 
1792 +0 +0 -78 +0 
6696 +0 +0 -78 +0 

1678366656252761
36 -461 -95 -710 +0 
40 -1338 -301 -1026 -110 
44 -923 -396 -884 -142 
48 -573 -253 -616 -78 
52 -334 -111 -315 -31 
56 -95 -47 -221 -63 
60 -127 -47 -173 -15 
64 -79 -47 -94 +0 
68 -31 -15 -78 -31 
7016 +0 +0 -78 +0 
14196 +0 +0 -78 +0 

1678366656350033
28 -31 -47 -94 -94 
32 -445 -428 -521 -552 
36 -461 -349 -647 -536 
40 -573 -253 -300 -268 
44 -318 -95 -173 -252 
48 -111 -126 -173 -205 
52 -143 -126 -94 -63 
56 -111 -47 -78 -63 
60 -111 -15 -31 -31 

1678366656376133
32 -79 -31 -157 +0 
36 -445 -95 -537 -78 
40 -573 -142 -600 -126 
44 -302 -222 -458 -142 
48 -318 -174 -221 -47 
52 -191 -63 -142 -15 
56 -79 -15 -126 -31 
12940 +0 +0 -78 +0 

1678366656426033
36 -477 +0 -15 +0 
40 -700 +0 +0 +0 
44 -414 +0 -15 +0 
48 -191 +0 -31 +0 
52 -111 +0 -15 +0 
56 -111 +0 -15 +0 

1678366656509642
36 -318 -428 -426 -394 
40 -653 -507 -631 -378 
44 -477 -269 -363 -173 
48 -207 -111 -142 -78 
52 -318 -126 -94 -31 
56 -111 -95 -63 -15 
13040 +0 +0 -78 +0 

1678366656519636
36 -127 +0 +0 +0 
40 -573 +0 +0 +0 
44 -716 +0 -15 +0 
48 -398 +0 -15 +0 
52 -143 +0 -15 +0 
56 -95 +0 -15 +0 
60 -111 +0 +0 +0 
64 -79 +0 +0 +0 
3564 +0 +0 -78 +0 
4844 +0 +0 -78 +0 
9904 +0 +0 -78 +0 

1678366656592047
36 -15 +0 -78 -15 
40 -621 -95 -600 -94 
44 -1322 -317 -758 -363 
48 -589 -126 -347 -315 
52 -286 -174 -189 -126 
56 -143 -95 -157 -78 
60 -127 -95 -78 -63 
64 -79 -63 -47 -31 
500 +0 +0 -78 +0 
8520 +0 +0 -78 +0 

1678366656649416
36 -159 -63 -157 -94 
40 -573 -317 -331 -347 
44 -382 -364 -252 -394 
48 -254 -253 -189 -173 
52 -95 -79 -110 -47 
1664 +0 +0 -78 +0 

1678366656768909
32 -47 -301 +0 +0 
36 -445 -1158 +0 -15 
40 -653 -777 +0 +0 
44 -477 -364 +0 +0 
48 -270 -142 +0 +0 
52 -207 -47 -15 +0 
56 -79 -63 +0 +0 
64 -95 +0 +0 +0 
3360 +0 +0 -78 +0 
7208 +0 +0 -94 +0 
9248 +0 +0 -78 +0 

1678366657010017
36 -15 +0 -94 +0 
40 -509 -15 -963 -31 
44 -1115 -349 -1184 -252 
48 -860 -507 -1026 -615 
52 -430 -460 -916 -315 
56 -222 -301 -695 -236 
60 -143 -126 -505 -221 
64 -95 -47 -331 -78 
68 -127 -47 -236 -47 
72 -63 -47 -157 -110 
84 -15 +0 -94 -15 
2460 +0 +0 -78 +0 
3780 +0 +0 -78 +0 
5052 +0 +0 -78 +0 
7912 +0 +0 -78 +0 

1678366657062828
36 -175 -15 -268 +0 
40 -764 -301 -679 -236 
44 -860 -507 -663 -268 
48 -509 -253 -458 -205 
52 -334 -95 -347 -173 
56 -143 -158 -142 -94 
60 -159 -95 -47 -31 

1678366657268034
36 -414 +0 +0 +0 
40 -557 +0 +0 +0 
44 -207 +0 +0 +0 
48 -127 +0 +0 +0 
52 -79 +0 +0 +0 

1678366657584031
32 -63 -63 +0 -78 
36 -302 -460 -142 -647 
40 -684 -571 -236 -615 
44 -621 -428 -126 -221 
48 -414 -269 -110 -110 
52 -191 -142 -63 -78 
56 -79 -63 -47 -31 
80 -95 +0 -31 +0 
3920 +0 +0 -78 +0 

1678366657684280
36 -127 -174 +0 +0 
40 -891 -904 -47 +0 
44 -1146 -1094 -15 +0 
48 -668 -666 -15 +0 
52 -605 -476 +0 +0 
56 -350 -301 +0 +0 
60 -207 -206 -15 +0 
64 -111 -126 +0 +0 
68 -79 -31 +0 +0 
2444 +0 +0 -78 +0 

1678366657870895
36 -127 +0 -315 -15 
40 -573 -206 -631 -236 
44 -573 -317 -458 -205 
48 -286 -158 -236 -78 
52 -254 -95 -205 -47 
56 -175 -111 -126 -94 
60 -111 -31 -78 -78 
64 -79 -31 -78 -15 
12232 +0 +0 -78 +0 
12316 +0 +0 -78 +0 

1678366657964899
32 +0 +0 -78 -15 
36 -95 -95 -189 -31 
40 -732 -793 -1010 -284 
44 -1274 -1126 -1137 -410 
48 -1194 -809 -931 -221 
52 -430 -380 -789 -221 
56 -318 -253 -521 -221 
60 -175 -238 -347 -94 
64 -111 -174 -205 -47 
68 -47 -47 -94 -47 
72 -47 -47 -47 -78 

1678366658176045
36 -222 -349 -284 -173 
40 -668 -460 -426 -363 
44 -382 -174 -331 -236 
48 -286 -126 -205 -94 
52 -238 -142 -157 -78 
56 -95 -31 -126 -47 
9468 +0 +0 -78 +0 

1678366658191008
40 -732 -111 -142 +0 
44 -987 -301 -205 +0 
48 -398 -158 -142 +0 
52 -366 -126 -78 +0 
56 -270 -126 -63 +0 
60 -95 -31 -47 +0 
6436 +0 +0 -78 -15 
9276 +0 +0 -78 +0 

1678366658223850
36 -159 -63 -189 -94 
40 -557 -301 -394 -378 
44 -461 -428 -300 -236 
48 -302 -190 -205 -173 
52 -222 -79 -236 -110 
56 -95 -126 -126 -47 
60 -111 -31 -47 -63 

1678366658277165
36 -143 +0 -315 +0 
40 -1433 -63 -995 +0 
44 -1274 -111 -963 +0 
48 -780 -301 -537 +0 
52 -525 -174 -268 +0 
56 -270 -79 -142 +0 
60 -191 -47 -110 +0 
64 -191 -15 -94 +0 
68 -79 +0 -142 +0 
72 -47 +0 -94 +0 

1678366658381914
36 -175 -47 -315 -94 
40 -876 -126 -726 -363 
44 -1035 -238 -600 -426 
48 -605 -238 -347 -236 
52 -254 -174 -221 -94 
56 -191 -31 -173 -78 
60 -143 -31 -173 -63 
64 -63 -63 -63 -78 
896 +0 +0 -78 +0 
12644 +0 +0 -78 +0 

1678366658444919
36 -398 -15 -363 +0 
40 -1226 -190 -710 -205 
44 -939 -444 -584 -221 
48 -334 -238 -252 -78 
52 -238 -63 -236 -31 
56 -175 -111 -157 -47 
60 -79 -31 -94 -15 
64 -79 -31 -47 +0 
10444 +0 +0 -78 +0 

1678366658626910
36 -47 -31 -126 +0 
40 -557 -571 -663 -252 
44 -573 -999 -584 -236 
48 -350 -634 -331 -110 
52 -207 -253 -221 -94 
56 -111 -158 -126 -78 
60 -111 -111 -78 -15 
64 -47 -63 -78 -15 
5364 +0 +0 -78 +0 

1678366658681649
36 -47 +0 -94 +0 
40 -700 -79 -426 -126 
44 -1035 -190 -505 -236 
48 -445 -142 -268 -110 
52 -159 -47 -94 -94 
56 -191 -31 -126 -63 
60 -111 -15 -63 -47 
2712 +0 +0 -78 +0 
5212 +0 +0 -78 +0 
6956 +0 +0 -78 +0 
6960 +0 +0 -94 +0 
11272 +0 +0 -78 +0 
13660 +0 +0 -78 +0 

1678366658773898
36 -127 -15 -31 +0 
40 -525 -31 +0 +0 
44 -414 -31 -15 +0 
48 -238 -31 +0 +0 
52 -127 -63 +0 +0 
56 -127 -15 +0 +0 
320 +0 +0 -94 +0 
748 +0 +0 -110 +0 
5192 +0 +0 -78 +0 
8900 +0 +0 -78 +0 
12328 +0 +0 -78 +0 

1678366658798644
36 -382 +0 -15 +0 
40 -1099 +0 +0 +0 
44 -923 +0 +0 +0 
48 -477 +0 +0 +0 
52 -430 +0 +0 +0 
56 -238 +0 +0 +0 
60 -79 +0 +0 +0 
124 +0 +0 -78 +0 

1678366658881904
36 -191 +0 -15 +0 
40 -589 +0 -15 +0 
44 -445 +0 +0 +0 
48 -111 +0 -31 +0 
52 -111 +0 -15 +0 
56 -95 +0 -15 +0 
2036 +0 +0 -78 +0 
4092 +0 +0 -78 +0 
4868 +0 +0 -78 +0 
5896 +0 +0 -78 +0 
8332 +0 +0 -78 +0 

1678366659107029
36 -430 -95 -410 -142 
40 -605 -190 -473 -126 
44 -414 -238 -331 -126 
48 -207 -158 -221 -126 
52 -79 -31 -126 -47 
9172 +0 +0 -78 +0 
16064 +0 +0 -94 +0 

1678366659131898
32 -95 -15 -94 +0 
36 -334 -158 -315 +0 
40 -525 -317 -300 +0 
44 -207 -174 -142 +0 
48 -207 -31 -63 +0 
52 -159 -47 -94 +0 
14492 +0 +0 -78 +0 

1678366659261166
40 -684 -31 -47 +0 
44 -1847 -222 -47 +0 
48 -1831 -444 -15 +0 
52 -1051 -396 -15 +0 
56 -557 -142 -15 +0 
60 -398 -174 +0 +0 
64 -159 -95 +0 +0 
68 -127 -15 +0 +0 
72 -111 -15 +0 +0 
76 -95 -15 +0 +0 
10196 +0 +0 -78 +0 

1678366659279632
36 -127 +0 -31 +0 
40 -589 -15 -31 +0 
44 -668 +0 -15 +0 
48 -302 +0 +0 +0 
52 -127 +0 -31 +0 
68 -31 -15 -78 +0 
5864 +0 +0 -78 +0 
6752 +0 +0 -78 +0 
11272 +0 +0 -78 +0 
11528 +0 +0 -78 +0 

1678366659314154
36 -270 +0 +0 +0 
40 -1003 +0 -31 +0 
44 -748 +0 -15 +0 
48 -302 +0 +0 +0 
52 -222 +0 +0 +0 
56 -175 +0 +0 +0 
60 -79 +0 +0 +0 

1678366659381033
36 -302 +0 +0 +0 
40 -525 +0 -31 +0 
44 -270 +0 -15 +0 
48 -159 +0 -31 +0 
52 -111 +0 -15 +0 
8936 +0 +0 -94 +0 
13472 +0 +0 -78 +0 

1678366659470038
4 -79 +0 +0 +0 
8 -111 +0 -15 +0 
12 -111 +0 -15 +0 
16 -79 +0 -15 +0 
20 -111 +0 +0 +0 
24 -143 +0 +0 +0 
28 -143 +0 +0 +0 
32 -159 +0 +0 +0 
36 -318 +0 +0 +0 
40 -509 +0 -47 +0 
44 -573 +0 -15 +0 
48 -477 +0 +0 +0 
52 -653 +0 +0 +0 
56 -684 +0 -15 +0 
60 -764 +0 +0 +0 
64 -780 +0 -15 +0 
68 -891 +0 +0 +0 
72 -860 +0 +0 +0 
76 -876 +0 +0 +0 
80 -700 +0 -15 +0 
84 -573 +0 +0 +0 
88 -445 +0 +0 +0 
92 -477 +0 -15 +0 
96 -493 +0 +0 +0 
100 -414 +0 +0 +0 
104 -382 +0 +0 +0 
108 -366 +0 -15 +0 
112 -207 +0 -31 +0 
116 -222 +0 -15 +0 
120 -159 +0 +0 +0 
124 -127 +0 -31 +0 
128 -111 +0 -31 +0 
132 -95 +0 +0 +0 
136 -95 +0 +0 +0 
140 -127 +0 +0 +0 
152 -95 +0 -31 +0 
164 -79 +0 +0 +0 
168 -95 +0 +0 +0 
184 -111 +0 +0 +0 
2680 +0 +0 -78 +0 
5536 +0 +0 -78 +0 
7444 +0 +0 -78 +0 
16332 +0 +0 -78 +0 

1678366659531786
36 -461 -31 -15 -15 
40 -1497 -317 -110 -142 
44 -1465 -729 -300 -331 
48 -493 -745 -173 -94 
52 -270 -349 -63 -63 
56 -286 -269 -110 -31 
60 -143 -174 -63 -47 
64 -47 -142 -31 -15 
68 -111 -63 -31 +0 
1048 +0 +0 -78 +0 
12792 +0 +0 -78 +0 

1678366659584535
36 -350 +0 +0 +0 
40 -525 +0 +0 +0 
44 -382 +0 +0 +0 
48 -270 +0 +0 +0 
52 -111 +0 -15 +0 
56 -111 +0 -15 +0 
60 -79 +0 +0 +0 
4768 +0 +0 -78 +0 

1678366659660031
36 -382 -63 -142 -47 
40 -1115 -190 -647 -489 
44 -764 -460 -584 -347 
48 -477 -238 -189 -142 
52 -254 -63 -110 -78 
56 -159 -126 -94 -47 
60 -111 -31 -78 -63 
64 -95 -15 -63 -31 
9232 +0 +0 -94 +0 
13316 +0 +0 -78 +0 
14208 +0 +0 -78 +0 

1678366659712781
40 -541 +0 -126 +0 
44 -1306 +0 -47 +0 
48 -1226 +0 -31 +0 
52 -573 +0 -31 +0 
56 -238 +0 -31 +0 
60 -191 +0 -15 +0 
64 -191 +0 -15 +0 
76 -79 +0 +0 +0 
6596 +0 +0 -78 +0 
16336 +0 +0 -78 +0 

1678366659845031
36 -95 +0 -363 -31 
40 -589 -142 -758 -47 
44 -780 -111 -600 -94 
48 -414 -238 -284 -94 
52 -191 -126 -221 -31 
56 -175 -47 -94 -47 
60 -95 -63 -47 -31 
64 -79 -31 -94 -15 
68 -31 -15 -78 -15 

1678366659914044
40 -589 -111 -268 -15 
44 -860 -745 -363 -63 
48 -541 -650 -205 -47 
52 -430 -460 -157 -15 
56 -222 -206 -110 -31 
60 -159 -95 -47 -15 
64 -79 -142 -15 -15 
68 -95 -142 -15 +0 
72 -95 -31 -15 +0 
5888 +0 +0 -78 +0 
9284 +0 +0 -94 +0 

1678366660015912
36 -95 -63 -63 -221 
40 -541 -301 -394 -552 
44 -748 -253 -505 -473 
48 -493 -238 -236 -189 
52 -254 -190 -173 -173 
56 -143 -63 -126 -110 
6936 +0 +0 -78 +0 
10212 +0 +0 -78 +0 

1678366660199903
36 -127 -15 -47 +0 
40 -509 -174 -94 +0 
44 -557 -317 -31 +0 
48 -318 -206 +0 +0 
52 -159 -79 -15 +0 
56 -95 -174 -15 +0 
60 -95 -63 +0 +0 
64 -79 -31 -15 +0 
6036 +0 +0 -78 -15 
8756 +0 +0 -94 +0 
12232 +0 +0 -78 +0 

1678366660211025
36 -238 +0 +0 +0 
40 -541 +0 -15 +0 
44 -477 +0 -31 +0 
48 -222 +0 +0 +0 
52 -95 +0 -15 +0 
976 +0 +0 -78 +0 
5140 +0 +0 -78 +0 
7056 +0 +0 -78 +0 
14592 +0 +0 -94 +0 
15112 +0 +0 -94 +0 

1678366660543658
36 -143 +0 +0 +0 
40 -541 +0 +0 +0 
44 -318 +0 +0 +0 
48 -95 +0 -15 +0 
52 -95 +0 +0 +0 
56 -79 +0 -15 +0 
5860 +0 +0 -110 +0 

1678366660597416
36 -143 +0 -15 +0 
40 -684 +0 +0 +0 
44 -605 +0 +0 +0 
48 -286 +0 +0 +0 
52 -302 +0 +0 +0 
56 -95 +0 +0 +0 
3268 +0 +0 -78 +0 
14580 +0 +0 -94 +0 

1678366660666037
36 -350 -63 -331 -94 
40 -573 -317 -537 -300 
44 -477 -460 -363 -221 
48 -398 -317 -221 -142 
52 -238 -111 -157 -126 
56 -95 -142 -94 -78 
60 -63 -111 -63 -47 

1678366660947897
36 -143 -15 -173 -15 
40 -653 -364 -363 -205 
44 -573 -412 -300 -126 
48 -238 -269 -189 -47 
52 -143 -111 -142 -47 
56 -143 -95 -110 -15 
60 -79 -31 -47 -15 

1678366661020778
36 -47 -15 -78 +0 
40 -668 -63 -837 +0 
44 -1019 -333 -963 -94 
48 -828 -460 -537 -157 
52 -366 -349 -331 -126 
56 -222 -158 -221 -78 
60 -238 -63 -157 -15 
64 -63 -79 -78 -15 
68 -79 -15 -78 -15 
9228 +0 +0 -78 +0 

1678366661120789
32 -47 -63 -78 -15 
36 -445 -285 -521 -173 
40 -653 -285 -458 -173 
44 -493 -222 -236 -110 
48 -286 -206 -189 -110 
52 -127 -111 -157 -142 
56 -127 -15 -47 -63 
6792 +0 +0 -78 +0 
8296 +0 +0 -78 +0 

1678366661151765
36 -79 +0 -15 +0 
40 -987 -47 -110 -47 
44 -1115 -238 -410 -47 
48 -780 -285 -363 -157 
52 -430 -190 -173 -94 
56 -207 -95 -78 -47 
60 -159 -31 -78 -31 
64 -159 -31 -78 -15 
792 +0 +0 -78 +0 
10000 +0 +0 -78 +0 
11384 +0 +0 -78 +0 

1678366661185155
36 -63 +0 -94 -15 
40 -541 -95 -631 -221 
44 -637 -238 -521 -221 
48 -334 -158 -315 -110 
52 -222 -142 -205 -94 
56 -127 -95 -126 -78 
60 -63 -31 -94 -31 
64 -47 -63 -78 -15 
68 -79 -15 -78 -31 
6080 +0 +0 -78 +0 

1678366661220050
32 +0 -111 -47 -15 
36 -159 -111 -473 -47 
40 -637 -364 -758 -284 
44 -923 -698 -663 -284 
48 -541 -460 -426 -205 
52 -334 -238 -221 -110 
56 -175 -158 -126 -47 
60 -111 -126 -78 -31 
64 -63 -79 -31 -15 
724 +0 +0 -78 +0 
4172 +0 +0 -78 +0 
12024 +0 +0 -94 +0 
15696 +0 +0 -78 +0 

1678366661364780
36 -318 -63 +0 +0 
40 -1067 -253 +0 +0 
44 -923 -253 +0 +0 
48 -461 -111 -31 +0 
52 -175 -126 +0 +0 
56 -175 -47 -15 +0 
60 -111 +0 +0 +0 
64 -79 -15 +0 +0 
68 -79 -15 +0 +0 
72 -79 +0 +0 +0 
13208 +0 +0 -78 +0 

1678366661433905
32 -15 +0 -94 -15 
36 -430 -126 -442 -189 
40 -589 -222 -410 -394 
44 -318 -158 -347 -205 
48 -207 -222 -300 -205 
52 -143 -95 -157 -126 
56 -95 -31 -63 -47 

1678366661563041
36 -254 +0 -15 +0 
40 -589 +0 -15 +0 
44 -398 +0 +0 +0 
48 -111 +0 -15 +0 

1678366661633903
36 -366 +0 +0 +0 
40 -621 +0 +0 +0 
44 -302 +0 +0 +0 
48 -111 +0 -15 +0 
52 -111 +0 +0 +0 
56 -79 +0 +0 +0 
2452 +0 +0 -78 +0 

1678366661757020
36 -143 -15 -426 +0 
40 -605 -190 -900 -15 
44 -780 -523 -647 -142 
48 -605 -396 -315 -126 
52 -302 -190 -189 -47 
56 -111 -126 -110 -31 
60 -79 -47 -94 -31 
64 -63 +0 -78 -47 
3448 +0 +0 -78 +0 
7916 +0 +0 -94 +0 
13168 +0 +0 -78 +0 

1678366661815918
36 -79 +0 -173 +0 
40 -844 -190 -600 -63 
44 -923 -444 -631 -205 
48 -350 -253 -410 -110 
52 -222 -95 -173 -31 
56 -238 -47 -142 -78 
60 -95 -31 -63 -47 
1292 +0 +0 -94 +0 
14568 +0 +0 -78 +0 

1678366661828532
36 -302 -31 -426 -15 
40 -684 -206 -742 -78 
44 -732 -523 -679 -173 
48 -286 -523 -521 -78 
52 -238 -238 -268 -110 
56 -191 -126 -142 -78 
60 -79 -126 -63 -15 
4228 +0 +0 -78 +0 
6684 +0 +0 -78 +0 

1678366661881922
36 -334 -63 -426 -205 
40 -1194 -460 -726 -442 
44 -1035 -714 -710 -394 
48 -541 -460 -473 -284 
52 -302 -158 -394 -173 
56 -159 -126 -205 -110 
60 -127 -111 -126 -31 
64 -95 -31 -78 -31 
68 -79 +0 -47 -31 
10724 +0 +0 -78 +0 
12612 +0 +0 -78 +0 
12920 +0 +0 -78 +0 

1678366661905258
36 -207 -63 -15 +0 
40 -684 -380 +0 +0 
44 -732 -412 -15 +0 
48 -366 -285 +0 +0 
52 -207 -126 -15 +0 
56 -95 -142 +0 +0 
60 -31 -79 -15 +0 
68 -95 -15 -31 +0 
4816 +0 +0 -78 +0 

1678366661947910
36 -63 +0 -78 -15 
40 -684 -95 -521 -205 
44 -653 -253 -552 -268 
48 -350 -206 -268 -126 
52 -222 -79 -94 -110 
56 -111 -63 -142 -94 
60 -47 -31 -110 -31 
5408 +0 +0 -78 +0 
6944 +0 +0 -78 +0 
13352 +0 +0 -78 +0 
14056 +0 +0 -78 +0 
16220 +0 +0 -94 +0 

1678366662155898
36 -79 +0 +0 +0 
40 -573 +0 +0 +0 
44 -509 +0 +0 +0 
48 -557 +0 +0 +0 
52 -382 +0 -15 +0 
56 -127 +0 -15 +0 
60 -95 +0 -15 +0 
64 -95 +0 +0 +0 
3212 +0 +0 -78 +0 
10448 +0 +0 -78 +0 

1678366662183025
36 -286 -126 -300 -126 
40 -557 -174 -221 -157 
44 -350 -142 -110 -94 
48 -159 -79 -142 -142 
52 -127 -31 -94 -63 
56 -95 -15 -94 -31 

1678366662343167
36 -366 -63 -331 -63 
40 -637 -364 -600 -252 
44 -286 -317 -363 -157 
48 -159 -111 -189 -63 
52 -79 -111 -94 -78 
60 -15 -47 -78 -15 

1678366662777654
36 -254 +0 -31 +0 
40 -509 +0 -15 +0 
44 -286 +0 -15 +0 
48 -127 +0 -31 +0 
13500 +0 +0 -78 +0 

1678366662805902
36 -175 -47 -47 +0 
40 -541 -253 -142 +0 
44 -461 -269 -47 +0 
48 -143 -79 -63 +0 
52 -95 -47 -31 +0 
56 -79 -47 -47 +0 
7300 +0 +0 -78 +0 

1678366662917029
36 -143 -31 -94 -15 
40 -573 -111 -410 -142 
44 -573 -333 -363 -236 
48 -366 -190 -236 -221 
52 -238 -79 -189 -110 
56 -191 -63 -110 -63 
60 -63 -63 -78 -31 
4028 +0 +0 -78 +0 
10808 +0 +0 -78 +0 

1678366662983921
36 -445 -317 -410 -126 
40 -700 -761 -505 -300 
44 -461 -571 -315 -252 
48 -159 -253 -189 -126 
52 -207 -190 -126 -94 
56 -95 -79 -110 -47 
64 -63 -79 -47 -15 

1678366663121908
36 -95 -95 -31 -31 
40 -637 -174 -379 -173 
44 -844 -428 -300 -157 
48 -350 -301 -157 -110 
52 -127 -142 -94 -78 
56 -143 -111 -47 -63 
60 -127 -63 -31 -15 
68 -95 -15 -31 -15 
1796 +0 +0 -78 +0 

1678366663139130
40 -573 +0 +0 +0 
44 -860 +0 -15 +0 
48 -621 +0 +0 +0 
52 -302 +0 +0 +0 
56 -238 +0 +0 +0 
60 -111 +0 +0 +0 
3668 +0 +0 -78 +0 
7592 +0 +0 -78 +0 
7920 +0 +0 -94 +0 
11264 +0 +0 -78 +0 

1678366663174898
36 -430 +0 +0 +0 
40 -541 +0 +0 +0 
44 -318 +0 -15 +0 
48 -270 +0 -15 +0 
52 -159 -15 +0 +0 
5828 +0 +0 -78 +0 

1678366663223275
36 -207 +0 +0 +0 
40 -1067 +0 -15 +0 
44 -732 +0 +0 +0 
48 -366 +0 +0 +0 
52 -270 +0 +0 +0 
56 -95 +0 +0 +0 

1678366663346894
36 -95 +0 -31 +0 
40 -1162 +0 +0 +0 
44 -1465 +0 +0 +0 
48 -860 +0 +0 +0 
52 -430 +0 -15 +0 
56 -302 +0 +0 +0 
60 -191 +0 +0 +0 
64 -159 +0 -31 +0 
68 -79 +0 -15 +0 

1678366663446905
36 -191 -47 -110 -47 
40 -525 -412 -410 -300 
44 -461 -349 -300 -331 
48 -222 -174 -252 -157 
52 -159 -158 -173 -173 
56 -143 -142 -78 -94 
6200 +0 +0 -78 +0 
10352 +0 +0 -94 +0 

1678366663525906
32 -15 -95 -47 -94 
36 -382 -840 -442 -489 
40 -684 -936 -521 -742 
44 -684 -476 -505 -426 
48 -493 -238 -236 -157 
52 -254 -238 -78 -300 
56 -143 -126 -63 -173 
60 -47 -126 -94 -47 
64 -79 -95 -47 -31 
76 -31 -95 -31 -15 
8660 +0 +0 -78 +0 
10688 +0 +0 -78 +0 

1678366663680782
36 -143 +0 -126 +0 
40 -573 -95 -379 -15 
44 -509 -301 -394 -94 
48 -254 -126 -221 -94 
52 -127 -31 -94 -47 
56 -143 -47 -47 -47 
60 -111 -47 -31 -63 

1678366663914031
36 -159 +0 +0 +0 
40 -509 -222 -31 +0 
44 -637 -349 -94 +0 
48 -430 -317 -78 +0 
52 -175 -95 -78 +0 
56 -111 -126 -47 +0 
60 -79 -111 -31 +0 
64 -95 -31 +0 -15 

1678366664186907
36 -31 -31 -78 +0 
40 -796 -111 -458 -63 
44 -1146 -206 -600 -189 
48 -860 -253 -331 -189 
52 -382 -111 -252 -47 
56 -207 -95 -126 -15 
60 -175 -79 -63 -31 
64 -79 -47 -47 -15 

1678366664239668
36 -111 -15 -363 -94 
40 -668 -333 -742 -394 
44 -700 -444 -726 -284 
48 -350 -301 -505 -221 
52 -159 -142 -221 -189 
56 -79 -95 -126 -157 
60 -95 -47 -110 -94 
1164 +0 +0 -78 +0 
11184 +0 +0 -78 +0 

1678366664302176
32 -15 -63 -78 -63 
36 -398 -364 -473 -189 
40 -525 -523 -537 -221 
44 -398 -380 -347 -142 
48 -270 -206 -157 -63 
52 -191 -63 -94 -15 
56 -63 -111 -78 -31 
60 -47 -31 -78 -15 

1678366664547890
36 -445 -47 -726 +0 
40 -955 -285 -884 +0 
44 -860 -238 -616 +0 
48 -366 -206 -458 +0 
52 -207 -79 -236 +0 
56 -175 -79 -94 +0 
60 -79 -31 -94 +0 
64 -47 -31 -78 +0 
76 +0 +0 -78 +0 

1678366664818033
36 -414 -47 -15 +0 
40 -668 -238 +0 +0 
44 -398 -126 +0 +0 
48 -238 -126 +0 +0 
52 -191 -95 +0 +0 
56 -127 -31 +0 +0 
60 -79 -63 -15 +0 
2520 +0 +0 -78 +0 
4044 +0 +0 -94 +0 
9212 +0 +0 -78 +0 

1678366665157897
36 -318 +0 -31 +0 
40 -716 +0 +0 +0 
44 -414 +0 -15 +0 
48 -143 +0 -31 +0 
52 -175 +0 -15 +0 
584 +0 +0 -78 +0 
7796 +0 +0 -78 +0 
15412 +0 +0 -78 +0 

1678366665336020
40 -573 +0 -15 +0 
44 -844 +0 +0 +0 
48 -461 +0 +0 +0 
52 -254 +0 -31 +0 
56 -79 +0 -31 +0 
652 +0 +0 -78 +0 
3356 +0 +0 -78 +0 
8092 +0 +0 -78 +0 

1678366665529017
36 -302 +0 -15 +0 
40 -1115 +0 +0 +0 
44 -987 +0 +0 +0 
48 -398 +0 +0 +0 
52 -191 +0 -31 +0 
56 -159 +0 -31 +0 
60 -175 +0 +0 +0 
64 -111 +0 +0 +0 
296 +0 +0 -78 +0 
15792 +0 +0 -78 +0 

1678366665547530
36 -191 +0 -252 +0 
40 -684 -142 -426 -205 
44 -716 -222 -394 -426 
48 -525 -158 -236 -252 
52 -270 -142 -142 -142 
56 -127 -47 -110 -63 
60 -79 -31 -47 -31 
5640 +0 +0 -78 +0 
10372 +0 +0 -94 +0 
10500 +0 +0 -78 +0 

1678366665663157
36 -398 -47 -458 -47 
40 -796 -253 -758 -110 
44 -716 -253 -631 -157 
48 -382 -238 -331 -189 
52 -222 -111 -252 -142 
56 -111 -63 -189 -78 
60 -63 -63 -78 -47 
11900 +0 +0 -94 +0 

1678366665763038
36 -191 -31 -221 -63 
40 -732 -253 -600 -331 
44 -653 -364 -505 -521 
48 -461 -222 -221 -410 
52 -414 -174 -189 -126 
56 -191 -111 -110 -78 
60 -79 -15 -110 -47 
64 -111 -15 -63 -47 

1678366665884041
36 -175 -174 -363 -78 
40 -573 -285 -347 -173 
44 -525 -222 -173 -110 
48 -350 -95 -142 -63 
52 -159 -47 -189 -31 
56 -111 -31 -94 -31 
8076 +0 +0 -78 +0 
12384 +0 +0 -78 +0 

1678366665957031
36 -111 +0 -15 +0 
40 -1083 +0 +0 +0 
44 -1513 +0 +0 +0 
48 -1051 +0 -15 +0 
52 -541 +0 +0 +0 
56 -286 +0 +0 +0 
60 -191 +0 +0 +0 
64 -111 +0 +0 +0 
76 -79 +0 -15 +0 
3160 +0 +0 -78 +0 
10032 +0 +0 -78 +0 
14288 +0 +0 -78 +0 

1678366665986777
40 -621 +0 -31 +0 
44 -1258 +0 -15 +0 
48 -876 +0 -15 +0 
52 -398 +0 -15 +0 
56 -254 +0 -15 +0 
60 -143 +0 -31 +0 
72 -79 +0 -15 +0 
1600 +0 +0 -78 +0 
9816 +0 +0 -94 +0 
10436 +0 +0 -78 +0 
14900 +0 +0 -78 +0 

1678366666098037
36 -286 -63 -142 +0 
40 -1306 -444 -726 -31 
44 -1194 -650 -773 -31 
48 -668 -682 -600 -31 
52 -589 -364 -315 -15 
56 -270 -158 -205 +0 
60 -159 -111 -126 +0 
64 -143 -79 -63 +0 
68 -79 -79 -47 +0 
84 +0 -15 -78 +0 
5356 +0 +0 -78 +0 
15476 +0 +0 -78 +0 

1678366666209894
40 -525 -63 +0 +0 
44 -923 -364 +0 +0 
48 -653 -317 +0 +0 
52 -350 -190 -15 +0 
56 -207 -111 -15 +0 
60 -175 -63 +0 +0 
64 -95 -47 +0 +0 
2444 +0 +0 -78 +0 
6572 +0 +0 -78 +0 
9204 +0 +0 -78 +0 

1678366666222396
36 -175 -63 -315 -78 
40 -525 -190 -442 -331 
44 -445 -222 -379 -236 
48 -207 -95 -221 -126 
52 -95 -79 -110 -78 
56 -31 -47 -157 -47 
5384 +0 +0 -78 +0 
11640 +0 +0 -78 +0 

1678366666262155
36 -111 +0 +0 +0 
40 -780 +0 -47 +0 
44 -605 +0 -142 +0 
48 -382 +0 -47 +0 
52 -191 +0 -47 +0 
56 -111 +0 -31 +0 
64 -79 +0 -15 +0 
6160 +0 +0 -94 +0 

1678366666372904
36 -398 -47 -94 +0 
40 -1130 -174 -63 +0 
44 -860 -142 -110 +0 
48 -366 -79 -94 +0 
52 -222 -63 -47 +0 
56 -191 -47 -47 +0 
60 -143 -31 -31 +0 
76 -79 +0 +0 +0 

1678366666535524
36 -79 +0 -268 +0 
40 -637 -158 -805 -78 
44 -1003 -539 -742 -189 
48 -430 -333 -410 -110 
52 -286 -206 -221 -31 
56 -254 -142 -110 -47 
60 -127 -79 -110 -31 
64 -31 -47 -78 -15 

1678366666588522
36 -207 -63 -568 -31 
40 -525 -174 -805 -236 
44 -350 -190 -616 -189 
48 -207 -206 -394 -110 
52 -238 -79 -268 -110 
56 -79 -15 -126 -47 
2620 +0 +0 -78 +0 

1678366666822034
40 -907 -491 -426 -221 
44 -876 -618 -568 -457 
48 -589 -412 -284 -236 
52 -334 -222 -142 -189 
56 -382 -158 -126 -94 
60 -207 -158 -94 -31 
64 -95 -126 -63 -78 
68 -127 -47 -47 -47 
7408 +0 +0 -78 +0 
14696 +0 +0 -94 +0 

1678366666875034
36 -318 -111 -189 -78 
40 -716 -491 -600 -268 
44 -860 -444 -521 -268 
48 -414 -349 -205 -157 
52 -238 -253 -205 -173 
56 -238 -95 -142 -126 
60 -63 -31 -110 -31 
92 +0 +0 -78 +0 
10312 +0 +0 -78 +0 
13012 +0 +0 -78 +0 

1678366667044040
32 -31 -31 -126 -78 
36 -350 -174 -394 -363 
40 -621 -412 -647 -331 
44 -286 -301 -394 -126 
48 -95 -142 -252 -94 
52 -111 -31 -142 -110 
56 -95 -47 -94 -47 
60 -79 -63 -94 -47 
64 -79 -63 -63 -31 
6528 +0 +0 -78 +0 
10800 +0 +0 -78 +0 
14976 +0 +0 -78 +0 

1678366667099992
36 -477 +0 -442 +0 
40 -1290 -15 -1026 -78 
44 -1003 -142 -852 -126 
48 -557 -190 -473 -47 
52 -461 -158 -252 -63 
56 -286 -47 -157 -15 
60 -79 -79 -157 -15 
64 -79 -31 -126 -31 
68 -79 +0 -63 -15 
440 +0 +0 -78 +0 

1678366667165989
36 -334 -31 -15 +0 
40 -1003 -238 -47 +0 
44 -907 -460 -47 +0 
48 -398 -269 -31 +0 
52 -254 -142 -47 +0 
56 -207 -63 -15 +0 
60 -95 -31 +0 +0 
2692 +0 +0 -78 +0 

1678366667259029
32 -31 +0 -126 -31 
36 -318 -79 -552 -94 
40 -525 -174 -647 -157 
44 -334 -190 -394 -110 
48 -127 -158 -284 -63 
52 -79 -47 -173 -94 
56 -63 -15 -110 -78 
4776 +0 +0 -110 +0 

1678366667458650
36 -79 +0 -15 +0 
40 -509 -15 +0 +0 
44 -541 -15 -15 +0 
48 -414 -15 -15 +0 
52 -175 -15 -15 +0 
56 -111 +0 +0 +0 
60 -95 +0 -15 +0 
64 -95 +0 +0 +0 

1678366667478278
36 -318 +0 -15 +0 
40 -557 +0 +0 +0 
44 -286 +0 +0 +0 
48 -207 +0 +0 +0 
52 -159 +0 +0 +0 
56 -79 +0 +0 +0 

1678366667530157
36 -191 +0 -379 +0 
40 -1035 -174 -947 +0 
44 -1146 -253 -947 +0 
48 -668 -190 -537 +0 
52 -445 -95 -426 +0 
56 -286 -63 -284 +0 
60 -127 -47 -110 +0 
2852 +0 +0 -78 +0 

1678366667558764
36 -191 -31 -157 -47 
40 -796 -111 -284 -126 
44 -780 -111 -205 -157 
48 -350 -95 -173 -94 
52 -159 -79 -78 -63 
56 -127 -15 -47 -31 
60 -79 -31 -31 -15 
64 -31 -15 -78 -15 
3844 +0 +0 -94 +0 
4548 +0 +0 -78 +0 

1678366667597913
32 -111 -95 -15 +0 
36 -493 -222 -31 +0 
40 -557 -158 -15 +0 
44 -318 -95 -15 +0 
48 -191 -15 -15 +0 
52 -159 -31 +0 +0 
56 -111 -15 -31 +0 
3492 +0 +0 -78 +0 

1678366667668920
36 -493 -269 -426 -189 
40 -796 -602 -568 -284 
44 -461 -349 -347 -94 
48 -270 -174 -189 -157 
52 -270 -269 -94 -142 
56 -159 -142 -94 -31 
68 -15 -15 -78 -15 
11340 +0 +0 -78 +0 

1678366667721773
36 -47 +0 -126 +0 
40 -764 -79 -789 -78 
44 -1178 -396 -963 -300 
48 -493 -253 -695 -252 
52 -318 -126 -410 -63 
56 -222 -111 -284 -63 
60 -63 -79 -189 -47 
64 -79 -15 -63 -15 
68 -63 -31 -78 -15 
6820 +0 +0 -78 +0 
10336 +0 +0 -78 +0 
10652 +0 +0 -78 +0 

1678366667733737
36 -461 -63 +0 +0 
40 -748 -301 -15 +0 
44 -445 -158 -15 +0 
48 -334 -63 -15 +0 
52 -207 -47 -31 +0 
56 -127 -31 -15 +0 
60 -79 +0 +0 +0 
2048 +0 +0 -78 +0 

1678366667774533
40 -605 +0 +0 +0 
44 -828 +0 +0 +0 
48 -509 +0 -15 +0 
52 -238 +0 -15 +0 
56 -175 +0 +0 +0 
60 -95 +0 +0 +0 
108 +0 +0 -78 +0 
15300 +0 +0 -78 +0 

1678366667800275
36 -382 +0 -15 +0 
40 -637 +0 -31 +0 
44 -366 +0 +0 +0 
48 -254 +0 -31 +0 
52 -143 +0 -15 +0 
56 -79 -31 +0 +0 
60 -79 +0 +0 +0 
8380 +0 +0 -78 +0 

1678366668080906
40 -541 +0 +0 +0 
44 -541 +0 +0 +0 
48 -222 +0 +0 +0 
52 -111 +0 +0 +0 

1678366668154901
36 -318 -349 -363 -31 
40 -684 -650 -600 -78 
44 -716 -428 -489 -173 
48 -430 -285 -268 -78 
52 -175 -126 -236 -63 
56 -95 -79 -126 -31 
60 -79 -63 -94 -31 
3728 +0 +0 -78 +0 
9136 +0 +0 -78 +0 
12540 +0 +0 -78 +0 
16248 +0 +0 -78 +0 

1678366668231170
28 -31 +0 -442 -47 
32 -222 -31 -979 -78 
36 -366 -269 -837 -173 
40 -509 -222 -410 -110 
44 -318 -126 -189 -63 
48 -127 -63 -157 -63 
52 -79 -63 -78 -15 

1678366668322894
36 -207 +0 -15 +0 
40 -525 +0 +0 +0 
44 -286 +0 +0 +0 
48 -175 +0 -31 +0 
52 -95 +0 -15 +0 
100 +0 +0 -78 +0 
5172 +0 +0 -94 +0 
7056 +0 +0 -78 +0 
11368 +0 +0 -78 +0 

1678366668412029
36 -63 -47 -126 -63 
40 -780 -317 -521 -142 
44 -509 -349 -394 -94 
48 -207 -206 -221 -78 
52 -111 -222 -189 -47 
56 -79 -95 -110 -47 

1678366668480670
32 -15 -79 -15 -31 
36 -238 -174 -426 -205 
40 -987 -428 -631 -284 
44 -1019 -364 -426 -268 
48 -414 -222 -252 -221 
52 -270 -95 -157 -126 
56 -191 -79 -94 -63 
60 -95 -63 -94 -47 
912 -79 +0 +0 +0 
916 -127 +0 +0 +0 

1678366668490763
8 -79 +0 +0 +0 
12 -95 +0 +0 +0 
16 -222 +0 -31 +0 
20 -191 +0 +0 +0 
24 -334 +0 +0 +0 
28 -398 +0 +0 +0 
32 -334 +0 +0 +0 
36 -366 +0 +0 +0 
40 -573 +0 +0 +0 
44 -1083 +0 +0 +0 
48 -987 +0 +0 +0 
52 -923 +0 +0 +0 
56 -1258 +0 -15 +0 
60 -1067 +0 -15 +0 
64 -1194 +0 +0 +0 
68 -1194 +0 -31 +0 
72 -1083 +0 -15 +0 
76 -1051 +0 +0 +0 
80 -1051 +0 +0 +0 
84 -828 +0 +0 +0 
88 -621 +0 +0 +0 
92 -621 +0 +0 +0 
96 -557 +0 +0 +0 
100 -430 +0 +0 +0 
104 -270 +0 +0 +0 
108 -127 +0 +0 +0 
112 -191 +0 -15 +0 
116 -175 +0 -15 +0 
120 -143 +0 -15 +0 
124 -159 +0 +0 +0 
128 -207 +0 +0 +0 
132 -95 +0 +0 +0 
136 -95 +0 +0 +0 
140 -79 +0 +0 +0 

1678366668536695
40 -509 -47 -473 -31 
44 -987 -190 -679 -110 
48 -653 -206 -600 -110 
52 -302 -174 -300 -63 
56 -159 -142 -205 -47 
60 -95 -47 -110 -15 
8796 +0 +0 -78 +0 
14316 +0 +0 -78 +0 

1678366668638041
36 -238 -476 -221 +0 
40 -668 -1316 -631 +0 
44 -844 -1110 -679 +0 
48 -653 -539 -458 +0 
52 -270 -364 -221 +0 
56 -222 -253 -142 +0 
60 -143 -142 -94 +0 
64 -47 -79 -47 +0 

1678366668829032
36 -111 -15 -315 -47 
40 -509 -238 -442 -221 
44 -430 -174 -473 -315 
48 -238 -79 -315 -110 
52 -127 -111 -110 -63 
56 -159 -63 -78 -31 
60 -63 -15 -94 -15 
64 -31 -15 -78 -15 
11304 +0 +0 -78 +0 

1678366668849912
32 -79 -206 -110 +0 
36 -493 -444 -300 +0 
40 -525 -491 -268 +0 
44 -366 -317 -110 +0 
48 -207 -95 -94 +0 
52 -143 -63 -63 +0 

1678366668898545
36 -127 +0 -126 +0 
40 -509 -79 -537 -47 
44 -509 -95 -426 -94 
48 -222 -95 -205 -189 
52 -159 -111 -157 -157 
56 -143 -63 -94 -47 
60 -95 -31 -63 -47 
64 -63 -31 -78 -31 

1678366668913645
36 -398 +0 +0 +0 
40 -828 +0 +0 +0 
44 -461 +0 +0 +0 
48 -238 +0 +0 +0 
52 -254 +0 -15 +0 
56 -143 +0 +0 +0 
128 +0 +0 -78 +0 
3948 +0 +0 -94 +0 
11816 +0 +0 -78 +0 
14612 +0 +0 -78 +0 

1678366669035035
40 -525 -460 -379 -189 
44 -828 -555 -663 -347 
48 -398 -428 -284 -189 
52 -175 -190 -189 -110 
56 -143 -142 -142 -94 
60 -95 -63 -63 -94 
92 -15 +0 -78 -15 
824 +0 +0 -78 +0 
2188 +0 +0 -78 +0 
4704 +0 +0 -78 +0 
14456 +0 +0 -110 +0 
16068 +0 +0 -78 +0 

1678366669145031
36 -350 +0 -15 +0 
40 -621 +0 +0 +0 
44 -509 +0 -15 +0 
48 -238 +0 +0 +0 
52 -143 +0 +0 +0 
56 -143 +0 +0 +0 
60 -127 +0 +0 +0 
7816 +0 +0 -78 +0 

1678366669198649
36 -63 -15 -126 +0 
40 -876 -222 -789 -78 
44 -1003 -238 -852 -300 
48 -700 -142 -600 -189 
52 -270 -206 -331 -126 
56 -175 -111 -157 -126 
60 -79 -31 -126 -31 
64 -15 -47 -142 +0 
68 -15 -31 -110 -15 

1678366669286292
36 -398 +0 -15 +0 
40 -1083 +0 -15 +0 
44 -780 +0 -31 +0 
48 -557 +0 -15 +0 
52 -445 +0 +0 +0 
56 -222 +0 +0 +0 
60 -143 +0 -15 +0 
64 -95 +0 -15 +0 
68 -111 +0 +0 +0 
10156 +0 +0 -78 +0 
14968 +0 +0 -78 +0 
15136 +0 +0 -78 +0 

1678366669345651
36 -493 -285 -347 -94 
40 -796 -507 -505 -63 
44 -525 -285 -331 -31 
48 -286 -126 -142 -31 
52 -159 -111 -142 -15 
56 -111 -95 -110 +0 
3040 +0 +0 -78 +0 
3316 -79 +0 +0 +0 

1678366669457030
36 -302 -47 -379 -15 
40 -939 -317 -868 -221 
44 -844 -412 -758 -347 
48 -430 -253 -489 -126 
52 -207 -238 -300 -78 
56 -238 -174 -205 -47 
60 -111 -79 -94 -15 
64 -31 -63 -94 -15 
68 -31 -47 -78 -15 
11720 +0 +0 -78 +0 

1678366669555020
36 -461 -79 -505 -47 
40 -1083 -190 -805 -173 
44 -1067 -460 -679 -252 
48 -557 -333 -300 -126 
52 -414 -158 -300 -78 
56 -270 -111 -236 -31 
60 -127 -79 -63 -15 
64 -79 -47 -47 -15 

1678366669603089
36 -111 +0 +0 +0 
40 -557 +0 +0 +0 
44 -621 +0 +0 +0 
48 -334 +0 -31 +0 
52 -191 +0 -15 +0 
56 -159 +0 -15 +0 
60 -175 +0 -31 +0 

1678366669893896
36 -445 +0 -47 +0 
40 -780 +0 -15 +0 
44 -589 +0 +0 +0 
48 -318 +0 -15 +0 
52 -143 +0 -15 +0 
56 -175 +0 +0 +0 
60 -143 +0 +0 +0 
64 -95 +0 +0 +0 
12396 +0 +0 -78 +0 

1678366669986281
32 -95 -15 -47 +0 
36 -382 -158 -426 +0 
40 -621 -333 -458 +0 
44 -334 -269 -300 +0 
48 -207 -79 -173 +0 
52 -159 -63 -94 +0 
56 -79 -79 -47 +0 

1678366670227907
36 -207 -63 -616 -142 
40 -541 -476 -900 -363 
44 -637 -333 -600 -268 
48 -398 -253 -426 -173 
52 -270 -142 -300 -110 
56 -127 -31 -157 -31 
60 -127 -15 -110 -47 
64 -79 -47 -110 -31 

1678366670620277
32 -191 +0 +0 +0 
36 -445 +0 -31 +0 
40 -860 +0 -15 +0 
44 -1401 +0 -15 +0 
48 -1847 +0 -15 +0 
52 -2000 +0 +0 +0 
56 -1975 +0 -15 +0 
60 -1640 +0 -47 +0 
64 -1099 +0 -15 +0 
68 -812 +0 -15 +0 
72 -796 +0 +0 +0 
76 -509 +0 +0 +0 
80 -398 +0 +0 +0 
84 -414 +0 +0 +0 
88 -318 +0 +0 +0 
92 -222 +0 +0 +0 
96 -159 +0 -15 +0 
104 -111 +0 +0 +0 

1678366670672921
36 -461 +0 -15 +0 
40 -589 +0 -15 +0 
44 -366 +0 +0 +0 
48 -191 +0 -15 +0 
52 -111 +0 +0 +0 
92 -15 +0 -78 +0 
7116 +0 +0 -78 +0 

1678366670726033
36 -477 +0 -15 +0 
40 -668 +0 -31 +0 
44 -207 +0 -15 +0 
48 -111 +0 -15 +0 
52 -79 +0 +0 +0 
12236 +0 +0 -110 +0 

1678366670808042
40 -525 +0 +0 -15 
44 -350 +0 +0 -15 
48 -238 +0 +0 -15 
52 -79 +0 -15 +0 

1678366670841532
36 -175 +0 -15 +0 
40 -971 +0 -31 +0 
44 -700 +0 -15 +0 
48 -334 +0 -31 +0 
52 -175 +0 -47 +0 
56 -111 +0 -15 +0 
6356 +0 +0 -78 +0 

1678366670904455
36 -382 -618 -600 -189 
40 -637 -1015 -1042 -268 
44 -668 -523 -837 -189 
48 -414 -301 -442 -78 
52 -270 -222 -363 -78 
56 -111 -142 -252 -31 
60 -47 -111 -110 -15 
64 -95 -63 -78 -15 
68 -31 -15 -110 -15 
6276 +0 +0 -78 +0 
10324 +0 +0 -78 +0 

1678366671007041
36 -79 +0 -15 +0 
40 -684 +0 +0 +0 
44 -780 +0 +0 +0 
48 -302 +0 -15 +0 
52 -159 +0 -31 +0 
56 -111 +0 -15 +0 
64 -111 +0 -15 +0 
68 -79 +0 +0 +0 

1678366671060400
32 +0 -15 -78 -15 
36 -350 -190 -505 -173 
40 -589 -507 -663 -205 
44 -414 -301 -331 -157 
48 -254 -142 -157 -94 
52 -127 -111 -126 -47 
56 -95 -79 -47 -15 
15316 +0 +0 -94 +0 

1678366671360032
36 -127 -95 -157 -31 
40 -764 -460 -458 -205 
44 -876 -333 -521 -173 
48 -541 -206 -268 -173 
52 -398 -142 -221 -63 
56 -286 -47 -157 -31 
60 -127 -31 -63 -15 
64 -95 -31 -31 -15 
68 -79 -15 -31 -15 
956 +0 +0 -78 +0 

1678366671373644
40 -748 -31 -710 -15 
44 -1083 -206 -679 -126 
48 -780 -206 -379 -142 
52 -334 -206 -268 -47 
56 -143 -95 -157 -31 
60 -143 -63 -94 -63 
64 -79 -31 -63 -31 
7040 +0 +0 -78 +0 
14436 +0 +0 -78 +0 

1678366671413300
36 -382 -126 -568 -173 
40 -621 -253 -505 -268 
44 -350 -349 -189 -236 
48 -254 -174 -189 -63 
52 -95 -63 -157 -63 
56 -47 -63 -142 -63 
60 -79 -63 -78 -31 
480 +0 +0 -78 +0 
4676 +0 +0 -78 +0 

1678366671560899
36 -143 -15 -110 +0 
40 -653 -333 -552 -126 
44 -589 -349 -521 -252 
48 -445 -174 -252 -157 
52 -286 -174 -126 -78 
56 -159 -79 -94 -31 
64 -79 -63 -47 -15 
4892 +0 +0 -78 +0 

1678366671735042
40 -1417 -95 -15 +0 
44 -2000 -301 -31 +0 
48 -1720 -428 -15 +0 
52 -796 -364 +0 +0 
56 -557 -190 +0 +0 
60 -382 -79 +0 +0 
64 -191 -47 -31 +0 
68 -143 -63 -15 +0 
72 -95 -79 +0 +0 
76 -95 -15 +0 +0 
5524 +0 +0 -78 +0 

1678366671820906
36 -143 +0 -31 +0 
40 -1130 +0 -15 +0 
44 -876 +0 +0 +0 
48 -445 +0 +0 +0 
52 -254 +0 +0 +0 
56 -222 +0 +0 +0 
60 -79 +0 +0 +0 
68 -79 +0 +0 +0 
72 -79 +0 +0 +0 
7960 +0 +0 -78 +0 

1678366671966031
36 -222 -79 -347 +0 
40 -1003 -206 -837 -78 
44 -876 -333 -726 -94 
48 -621 -238 -505 -126 
52 -238 -126 -173 -78 
56 -191 -111 -78 -47 
60 -159 -63 -94 -47 
64 -127 -15 -47 -31 
68 -95 -15 -63 -15 

1678366672199034
36 -350 +0 -173 +0 
40 -1831 -47 -995 -31 
44 -1943 -126 -884 -157 
48 -955 -190 -410 -189 
52 -461 -142 -252 -47 
56 -350 -47 -142 -31 
60 -207 -31 -126 -15 
64 -79 -79 -63 -31 
68 -175 -31 -78 -15 
72 -127 +0 -47 +0 

1678366672287031
36 -127 +0 -252 -31 
40 -700 -253 -647 -268 
44 -621 -364 -584 -284 
48 -238 -190 -363 -173 
52 -127 -79 -221 -142 
56 -159 -79 -173 -142 
60 -63 -47 -94 -78 
64 -15 -15 -78 -15 
900 +0 +0 -78 +0 
1552 +0 +0 -142 +0 
3880 +0 +0 -78 +0 

1678366672495891
36 -79 +0 +0 +0 
40 -557 +0 +0 +0 
44 -605 +0 +0 +0 
48 -318 +0 +0 +0 
52 -143 +0 +0 +0 
56 -79 +0 +0 +0 
9072 +0 +0 -78 +0 

1678366672553537
36 -334 -253 -205 -142 
40 -525 -412 -268 -189 
44 -318 -412 -300 -78 
48 -175 -253 -157 -63 
52 -127 -95 -63 -31 
56 -79 -47 -63 -47 
10376 +0 +0 -78 +0 
12864 +0 +0 -78 +0 

1678366672774909
36 -31 +0 -110 +0 
40 -557 -269 -663 -78 
44 -621 -476 -758 -205 
48 -350 -349 -537 -157 
52 -207 -206 -331 -126 
56 -143 -190 -157 -47 
60 -175 -79 -110 -47 
64 -111 -31 -94 -15 
68 -15 -15 -78 -15 
72 -31 -15 -110 -15 

1678366672803389
36 -143 -31 -157 -15 
40 -653 -190 -552 -157 
44 -796 -190 -489 -78 
48 -477 -269 -300 -63 
52 -191 -126 -284 -31 
56 -159 -63 -189 -15 
60 -143 -111 -110 -31 
68 -95 -15 -31 -15 
8528 +0 +0 -78 +0 

1678366672828030
36 -493 -269 -410 -221 
40 -796 -349 -758 -300 
44 -605 -333 -489 -189 
48 -334 -222 -252 -157 
52 -127 -222 -236 -94 
56 -143 -79 -173 -78 
60 -95 -31 -47 -63 

1678366672845426
32 -31 -15 -15 -78 
36 -270 -95 -458 -584 
40 -557 -412 -568 -821 
44 -366 -317 -236 -489 
48 -175 -190 -157 -268 
52 -143 -79 -157 -189 
56 -207 -95 -110 -63 
60 -79 -47 -78 -63 
64 -63 -15 -47 -110 
80 +0 -31 -15 -78 

1678366673166905
36 -461 -126 +0 +0 
40 -621 -206 +0 +0 
44 -350 -174 +0 +0 
48 -222 -111 -15 +0 
52 -79 -47 +0 +0 

1678366673362907
32 -15 -31 -78 -15 
36 -350 -206 -537 -94 
40 -621 -396 -742 -236 
44 -414 -317 -442 -268 
48 -238 -174 -331 -236 
52 -159 -111 -157 -78 
56 -79 -79 -63 -63 
14516 +0 +0 -78 +0 
14808 +0 +0 -78 +0 

1678366673693784
36 -414 +0 -15 +0 
40 -1242 -111 -15 +0 
44 -923 -174 +0 +0 
48 -509 -142 -31 +0 
52 -207 -63 -15 +0 
56 -159 -63 +0 +0 
60 -111 -31 +0 +0 

1678366673760296
36 -222 -111 -315 -47 
40 -509 -253 -568 -110 
44 -430 -174 -410 -157 
48 -270 -206 -205 -126 
52 -191 -79 -142 -47 
56 -127 -15 -78 -31 
60 -31 -15 -94 -15 
312 +0 +0 -78 +0 
1412 +0 +0 -78 +0 

1678366673886895
36 -143 +0 +0 +0 
40 -971 -126 -110 -205 
44 -907 -269 -268 -363 
48 -461 -174 -173 -189 
52 -286 -111 -110 -110 
56 -270 -95 -78 -94 
60 -159 -47 -15 -47 
72 -79 -31 -31 -15 
76 -95 -15 -15 -15 

1678366673941471
32 -79 -111 -78 -205 
36 -366 -571 -300 -410 
40 -509 -317 -268 -252 
44 -334 -222 -126 -63 
48 -159 -158 -78 -47 
52 -95 -63 -94 -31 
