
1678877595814463
32 +0 +0 -79 +39 
36 +0 +0 -158 +0 
40 -159 -159 -238 -158 
44 -517 -398 -198 -753 
48 -517 -716 -198 -594 
52 -358 -756 -158 -317 
56 -159 -597 -158 -79 
60 -119 -477 -119 -79 
64 -79 -358 -79 -118 
68 +0 -238 -79 -79 
72 +0 -199 -119 +0 
76 +0 -119 -39 +0 
80 +0 -79 -79 +39 
84 +0 -79 +0 +0 
104 +0 +0 -79 +0 
112 +0 +0 -79 +39 
176 +39 +0 -79 +0 
232 +39 +0 -79 +0 
392 +39 +39 -79 +0 
528 +0 +39 -79 +0 
656 +39 +39 -79 +39 
776 +0 +0 -79 +0 
860 +39 +0 -79 +0 
864 +39 +0 -79 +39 
920 +39 +0 -79 +0 
1100 +39 +0 +0 -79 
1248 +0 +0 -79 +0 
1536 +0 +0 -79 +0 
2216 +0 +0 -79 +39 
2728 +39 +0 -79 +0 
2768 +39 +0 -79 +39 
3116 +0 +0 +0 -79 
3368 +39 +0 -79 +0 
3496 +39 +0 -79 +0 
3528 +39 +0 -79 +0 
3752 +39 +0 -79 +39 
3764 +0 +0 -79 +0 
4400 +0 +0 -79 +0 
4840 +39 +0 -79 +0 
4888 +39 +0 -79 +0 
4944 +39 +0 -79 +0 
5080 +0 +0 -79 +0 
5232 +0 +0 -79 +39 
5272 +39 +0 -79 +0 
5296 +0 +0 -79 +39 
5308 +0 +0 +0 -79 
5344 +0 +0 -79 +0 
5400 +39 -39 -79 +0 
5456 +39 +0 -79 +39 
5960 +39 +0 -79 +0 
6000 +0 +0 -79 +0 
6056 +39 +0 -79 +0 
6080 +0 +0 -79 +39 
6392 +0 +0 -79 +0 
6444 +0 +0 +39 -79 
6696 +39 +0 -79 +0 
6888 +0 +0 -79 +0 
7240 +39 +0 -79 +39 
7408 +39 +0 -79 +39 
7464 +0 +0 -79 +0 
7520 +39 +39 -79 +0 
7536 +39 +0 -79 +0 
7592 +39 +0 -79 +39 
8128 +39 +39 -79 +0 
8156 +0 +0 +0 -79 
8336 +0 +0 -79 +0 
8360 +0 +0 -79 +0 
8416 +39 +39 -79 +0 
8432 +0 +0 -79 +39 
9024 +39 +39 -79 +39 
9216 +0 +0 -79 +0 
9848 +0 +0 -79 +0 
9880 +0 +0 -79 +0 
10128 +39 +39 -79 +0 
10560 +39 +39 -79 +39 
10800 +0 +39 -79 +39 
10984 +39 +0 -79 +0 
11008 +39 +0 -79 +0 
11240 +39 +0 -79 +39 
11328 +39 +39 -79 +0 
11408 +0 +0 -79 +39 
11432 +39 +0 -79 +0 
11488 +39 +0 -79 +0 
11760 +0 +0 -79 +0 
12248 +39 +39 -79 +0 
12472 +39 +0 -79 +0 
12568 +0 +0 -79 +0 
12664 +0 +0 -79 +0 
12848 +0 +0 -79 +0 
12952 +0 +0 -79 +0 
13272 +39 +0 -79 +0 
13276 +39 -39 -79 -39 
13288 +39 +0 -79 +0 
13488 +0 +0 -79 +0 
13548 +0 +0 -79 +0 
13560 +0 +0 -79 -39 
13616 +39 +0 -79 +39 
13976 +39 +0 -79 +0 
14064 +0 +0 -79 +0 
14088 +0 +0 -79 +0 
14128 +0 +39 -79 +0 
14136 +39 +39 -79 +0 
14240 +0 +0 -79 +39 
14624 +39 +0 -79 +0 
14880 +0 +0 -79 +0 
14920 +0 +0 -79 +0 
14940 +0 +0 -39 -79 
14960 +0 +0 -79 +39 
15224 +0 +0 -79 +0 
15472 +0 +0 -79 +39 
15664 +39 +0 -79 +39 
15856 +0 +39 -79 +0 
15872 +0 +39 -79 +0 
16128 +39 +0 -79 +0 

1678877617168784
36 -119 +0 -158 +0 
40 -358 -159 -238 +0 
44 -438 -398 -198 -39 
48 -238 -517 -198 +39 
52 -119 -437 -158 +0 
56 +0 -318 -158 +0 
60 +0 -238 -79 -39 
64 -39 -159 -119 +0 
68 -39 -119 -79 +0 
72 +0 -79 -79 +0 
76 +0 -79 -39 -39 
80 +0 -39 -79 +0 
84 +0 -39 -79 +0 
128 +0 +0 -79 +39 
176 +0 +0 -79 +39 
440 +39 +0 -79 +0 
748 +39 +0 -79 +0 
776 +39 +0 -79 +0 
888 +0 +0 -79 +0 
912 +0 +39 -79 +39 
1044 +0 -79 +0 +0 
1104 +39 +0 -79 +0 
1344 +0 +0 -79 +39 
1800 +39 +0 -79 +0 
1840 +0 +0 -79 +0 
1864 +39 +0 -79 +39 
1872 +0 +39 -79 +39 
2088 +0 +39 -79 +0 
2144 +0 +0 -79 +39 
2432 +39 +0 -79 +0 
2640 +39 +0 -79 +39 
2648 +39 +0 -79 +0 
2760 +39 +0 -79 +39 
3144 +39 +0 -79 +0 
3680 +0 +0 -79 +0 
4008 +0 +0 -79 +0 
4064 +0 +0 -79 +0 
4072 +0 +0 -79 +0 
4168 +39 +0 -79 +0 
4256 +39 +0 -79 +39 
4288 +0 +0 -79 +0 
4312 +39 +39 -79 +0 
4316 +0 +0 -79 +0 
4512 +0 +0 -79 +39 
4776 +39 +0 -79 +0 
5096 +39 +0 -79 +0 
5304 +39 +0 -79 +0 
5432 +0 +0 -79 +0 
5440 +39 +39 -79 +0 
5480 +39 +0 -79 +0 
5552 +0 +0 -79 +0 
5656 +39 +0 -79 +39 
6044 +0 +0 +0 -79 
6268 +0 +0 -79 +0 
6316 +0 +0 +0 -79 
6600 +39 +0 -79 +0 
6632 +39 +0 -79 +39 
6712 +39 +0 -79 +0 
6748 +0 +0 -39 -79 
6920 +0 +0 -79 +0 
7120 +0 +0 -79 +0 
7176 +0 +0 -79 +0 
7560 +39 +0 -79 +0 
7704 +0 +0 -79 +0 
7788 +0 +0 +0 -79 
7816 +39 +0 -79 +0 
8044 +0 +0 -39 -79 
8136 +0 +0 -79 +0 
8188 +39 +0 -79 +0 
8288 +0 +0 -79 +0 
8320 +0 +0 -79 +0 
8488 +39 +0 -79 +0 
8528 +0 +0 -79 +39 
8576 +39 +0 -79 +0 
8656 +0 +0 -79 +0 
8672 +39 +0 -79 +0 
8728 +0 +0 -79 +0 
8992 +0 +39 -79 +0 
9440 +0 +0 -79 +0 
9500 +0 +0 -79 +0 
9632 +0 +0 -79 +0 
9704 +0 +39 -79 +0 
10256 +39 +0 -79 +39 
10608 +0 +39 -79 +39 
10848 +39 +0 -79 +39 
11456 +39 +39 -79 +39 
11464 +39 +0 -79 +0 
11816 +0 +39 -79 +39 
11916 +0 +0 +0 -79 
12032 +0 +0 -79 +39 
12352 +39 +0 -79 +0 
12568 +39 +0 -79 +0 
12592 +0 +0 -79 +0 
12632 +39 +0 -79 +0 
12700 +0 +0 +0 -79 
12732 +0 +0 -79 +0 
12736 +39 +0 -79 +0 
12832 +0 +0 -79 +0 
12920 +0 +0 -79 +0 
13032 +0 +0 -79 +0 
13204 -39 +0 -79 +0 
13360 +39 +0 -79 +0 
13704 +39 +0 -79 +0 
13768 +0 +0 -79 +0 
13968 +0 +0 -79 +0 
14080 +39 +0 -79 +0 
14104 +39 +0 -79 +0 
14416 +0 +0 -79 +39 
14584 +0 +0 -79 +0 
14680 +0 +0 -79 +0 
15120 +0 +0 -79 +0 
15152 +0 +0 -79 +39 
15192 +0 +0 -79 +39 
15232 +39 +0 -79 +39 
15256 +39 +0 -79 +0 
15408 +0 +39 -79 +39 
15480 +0 +0 -79 +0 
15512 +0 +0 -79 +0 
15872 +0 +39 -79 +0 
15952 +0 +0 -79 +39 
16080 +0 +0 -79 +39 
16264 +0 +0 -79 +0 
16380 +39 +0 -79 -39 

1678877649335166
36 -119 -39 -39 +0 
40 -199 -159 +0 -79 
44 -79 -278 +0 +0 
48 -39 -278 +0 +0 
52 +0 -199 -39 +0 
56 -39 -119 +0 -39 
60 +0 -79 +0 +0 
64 +0 -79 +0 +0 
68 +0 -79 +0 +0 
172 +0 +0 -79 +39 
260 +39 +0 -79 +0 
364 +0 +0 -79 +39 
516 +39 +0 -79 +0 
556 +39 +0 -79 +39 
580 +39 +0 -79 +0 
584 +0 +0 +0 -79 
628 +39 +0 -79 +0 
796 +0 +39 -79 -39 
1172 +0 +0 -79 +0 
1380 +0 +0 -79 +0 
1388 +0 +0 -79 +0 
1468 +0 +0 -79 +39 
1524 +39 +0 -79 +0 
1748 +0 +0 -79 +0 
1916 +0 +0 -79 +39 
2008 +0 +0 +0 -79 
2292 +0 +0 -79 +0 
2752 +39 +0 -79 +0 
2852 +0 +0 -79 +39 
2972 +39 +0 -79 +39 
3228 +0 +0 -79 +39 
3544 +0 +0 +39 -79 
3796 +39 +0 -79 +0 
3920 +0 -39 -79 +0 
4012 +0 +0 -79 +0 
4136 +0 +0 +0 -79 
4424 +0 +0 +39 -79 
4468 +0 +0 -79 +0 
4972 +0 +39 -79 +39 
5436 +39 +0 -79 +39 
5648 +0 +0 -79 -39 
6072 +39 +0 +0 -79 
6108 +39 +0 -79 +0 
6220 +0 +0 -79 +39 
6236 +0 +39 -79 +39 
6372 +0 +0 -79 +39 
6428 +0 +0 -79 +39 
6436 +39 +0 -79 +0 
6492 +0 +0 -79 +0 
6556 +0 +0 -79 +39 
7244 +0 +0 -79 +0 
7324 +0 +0 -79 +0 
7348 +39 +0 -79 +0 
7420 +39 +0 -79 +0 
7424 -79 +0 +0 +0 
7540 +0 +0 -79 +0 
7548 +39 +39 -79 +0 
7588 +0 +0 -79 +39 
7628 +39 +39 -79 +39 
7644 +0 +0 -79 +39 
7652 +39 +0 -79 +0 
7676 +39 +0 -79 +39 
7844 +39 +0 -79 +0 
7916 +39 +0 -79 +39 
8220 +0 +0 -79 +39 
8364 +0 +39 -79 +0 
8408 +0 +0 -79 -39 
8412 +39 +0 -79 +0 
8504 +0 +39 +0 -79 
8520 +0 +0 +0 -79 
8644 +0 +0 -79 +0 
8860 +0 +0 -79 +0 
9236 +39 +0 -79 +0 
9396 +39 +0 -79 +0 
9484 +0 +0 -79 +39 
9508 +39 +0 -79 +0 
9540 +39 +0 -79 +0 
9772 -39 +0 -79 +39 
9852 +0 +0 -79 +0 
9900 +0 +39 -79 +39 
10276 +39 +0 -79 +39 
10548 +39 +0 -79 +0 
10584 +0 +0 +0 -79 
10604 +0 +0 -79 +0 
10628 +0 +0 -79 +0 
10780 +0 +0 -79 +0 
11132 +0 +39 -79 +39 
11260 +39 +0 -79 +39 
11284 +0 +0 -79 +0 
11308 +0 +39 -79 +0 
11540 +0 +0 -79 +0 
11956 +0 +0 -79 +0 
12036 +0 +0 -79 +39 
12156 +0 +0 -79 +39 
12228 +0 +0 -79 +0 
12364 +39 +0 -79 +0 
12436 +0 +0 -79 +0 
12508 +39 -39 -79 +39 
12628 +39 +0 -79 +0 
12668 +0 +0 -79 +0 
12956 +0 +0 -79 +0 
13620 +0 +0 -79 +0 
13740 +39 +0 -79 +39 
13796 +39 +0 -79 +0 
13980 +0 +0 -79 +39 
13996 +39 +0 -79 +39 
14068 +0 +0 -79 +0 
14344 +0 +0 +0 -79 
14424 +0 +0 -39 -79 
14572 +0 +0 -79 +39 
14648 +0 +0 +0 -79 
14796 +0 +0 -79 +0 
14884 +0 +0 -79 +0 
14980 +0 +0 -79 +39 
15232 -79 +0 +0 +0 
15416 +39 +0 +0 -79 
15420 +39 +39 -79 +0 
15432 +0 +0 -79 -39 
15448 +0 +0 -39 -79 
15452 +0 +0 -79 +0 
15524 +0 +0 -79 +0 
16132 +0 +0 -79 +39 
16252 +0 +0 -79 +39 
16312 +39 +0 +0 -79 
16328 +0 +0 -39 -79 

1678877649908292
40 -398 -199 -79 -39 
44 -477 -358 -79 +0 
48 -318 -398 -79 -39 
52 -159 -358 -39 +0 
56 -159 -278 -39 -39 
60 -39 -199 -79 +39 
64 -79 -159 -39 +0 
68 -39 -119 +0 +0 
108 +0 +0 -79 +0 
116 +0 +0 -79 +0 
172 +0 +0 -79 +39 
204 +39 +0 -79 +0 
420 +39 +0 -79 +0 
524 +39 +39 -79 +0 
884 +39 +0 -79 +0 
908 +0 +0 -79 +0 
1044 +0 +0 -79 +0 
1060 +0 +0 -79 +0 
1084 +0 +0 -79 +0 
1260 +39 +0 -79 +39 
1348 +0 +0 -79 +0 
1356 +0 +0 -79 +0 
1496 +0 +0 -39 -79 
1596 +39 +0 -79 +0 
1620 +0 +0 -79 +0 
1624 +0 +0 -39 -79 
1720 +0 +0 -79 +0 
2048 +0 -39 -79 +0 
2356 +0 +39 -79 +0 
2488 +0 +0 +0 -79 
2564 +39 +0 -79 +0 
2572 +0 +39 -79 +0 
2708 +0 +0 -79 +0 
2940 +0 +0 -79 +39 
2972 +0 +0 -79 +39 
3644 +39 +0 -79 +39 
3788 +39 +0 -79 +0 
3916 +0 +0 -79 +39 
4280 +0 +0 -39 -79 
4516 +0 +0 -79 +0 
4556 +0 +0 -79 +0 
4684 +0 +0 -79 +39 
4700 +0 +0 -79 +0 
4980 +39 +0 -79 +0 
5164 +39 +0 -79 +0 
5324 +39 +0 -79 +39 
5524 +0 +0 -79 +0 
5796 +39 +0 -79 +0 
5860 +39 +0 -79 +0 
6012 +39 +0 -79 +39 
6104 +0 -39 +0 -79 
6412 +0 +0 -79 +0 
6420 +39 +39 -79 +0 
6460 +39 +0 -79 +0 
6472 +39 +0 -79 -39 
7164 +0 +0 -79 +39 
7272 +0 +0 +0 -79 
7292 +39 +39 -79 +0 
7612 +39 +39 -79 +39 
7676 +0 +0 -79 +0 
7884 +39 +0 -79 +0 
7960 +0 +0 +39 -79 
8012 +0 +0 -79 +39 
8200 +0 +0 +0 -79 
8684 +0 +39 -79 +0 
8876 +0 +39 -79 +39 
8940 +0 +0 -79 +39 
9076 +0 +39 -79 +0 
9460 +39 +0 -79 +0 
9644 +0 +0 -79 +0 
9884 +39 +39 -79 +0 
9932 +39 +0 -79 +39 
10116 +0 +0 -79 +0 
10300 +0 +39 -79 +39 
10316 +0 +0 -79 +39 
10508 +0 +0 -79 +39 
10596 +0 +0 -79 +0 
10620 +0 +0 -79 +0 
10636 +0 +0 -79 +0 
10732 +39 +0 -79 +39 
10772 +39 +0 -79 +0 
10884 +0 +0 -79 +39 
10940 +0 +0 -79 +39 
11332 +39 +0 -79 +0 
11384 +0 +0 +0 -79 
11468 +0 +0 -79 +0 
11636 +39 +0 -79 +0 
11692 +39 +0 -79 +0 
11836 +0 +39 -79 +0 
12108 +0 +0 -79 +39 
12212 +39 +0 -79 +0 
12228 +39 +0 -79 +0 
12236 +0 +0 -79 +39 
12504 +0 +0 +0 -79 
12996 +0 +0 -79 +0 
13208 +39 -39 -79 +0 
13276 +0 +0 -79 +39 
13324 +0 +39 -79 +0 
13396 +0 +0 -79 +0 
13612 +0 +0 -79 +39 
13708 +0 +0 -79 +0 
13756 +0 +39 -79 +39 
13772 +0 +0 -79 +0 
13780 +39 +0 -79 +0 
14288 +0 -79 +0 +0 
14444 +0 +39 -79 +0 
14520 +0 +0 +39 -79 
14644 +39 +0 -79 +39 
14740 +0 +0 -79 -39 
14868 +39 +0 -79 +0 
15052 +0 +0 -79 +0 
15292 +0 +0 -79 +39 
15484 +0 +39 -79 +0 
15572 +0 +0 -79 +0 
15620 +0 -39 -79 +0 
15804 +0 +0 -79 +39 
16228 +39 +0 -79 +0 
16364 +0 +39 -79 +39 

1678877726512780
36 -79 -39 -119 -158 
40 -238 -278 -158 -991 
44 -477 -756 -119 -1189 
48 -238 -955 -119 -713 
52 -159 -836 -119 -436 
56 -119 -676 -79 -237 
60 -39 -477 -79 -237 
64 +0 -358 -79 -79 
68 +0 -238 -39 -118 
72 +0 -159 -79 -79 
76 +0 -79 -39 -79 
80 +39 -79 -39 +0 
84 -39 -79 -39 -79 
88 +0 -39 -39 -79 
512 +39 +0 -79 +39 
752 +0 +0 -79 +0 
988 +0 +0 -39 -79 
992 +0 +0 -79 +0 
1160 +0 +0 -79 +0 
1216 +0 +0 -79 +0 
1240 +39 +39 -79 +0 
1488 +0 +0 -79 +0 
1516 +39 +0 +0 -79 
2360 +0 +0 -79 +0 
2416 +39 +0 -79 +39 
2428 +39 +0 +0 -79 
2684 +0 +0 +0 -79 
2704 +0 +0 -79 +39 
2800 +0 +0 -79 +0 
3136 +39 +0 -79 +39 
3596 +39 +0 +0 -79 
4128 +0 +0 -79 +39 
4268 +0 +0 +0 -79 
4416 +0 +39 -79 +39 
4476 +0 +0 +0 -79 
4656 +0 +0 -79 +0 
4696 +0 +39 -79 +0 
4792 +0 +0 -79 +0 
4920 +0 +0 -79 +0 
5016 +39 +0 -79 +0 
5084 +0 +0 -79 +0 
5200 +0 +0 -79 +0 
5240 +0 +0 -79 +0 
5260 +0 +0 +0 -79 
5296 +0 +39 -79 +39 
5424 +0 +0 -79 +39 
5544 +39 +0 -79 +0 
5824 +0 +39 -79 +39 
5900 +0 +0 +0 -79 
5920 +0 +0 -79 +0 
6108 +0 +0 +0 -79 
6144 +0 +0 -79 +39 
6392 +39 +0 -79 +0 
6508 +0 +0 +0 -79 
6548 -79 +0 +0 +0 
6728 +0 +0 -79 +0 
6812 +39 +0 +0 -79 
6864 +0 +0 -79 +39 
6876 +0 +39 +0 -79 
6924 +39 +0 -79 +0 
7136 +39 +0 -79 +0 
7344 +0 +0 -79 +39 
7528 +0 +0 -79 +0 
7792 +0 +0 -79 +0 
7824 +0 +0 -79 +0 
7856 +0 +0 -79 +39 
8072 +0 +0 -79 +0 
8108 +0 +0 +0 -79 
8136 +0 +0 -79 +0 
8236 +0 +0 +0 -79 
8320 +0 +0 -79 +39 
8496 +39 +0 -79 +0 
8620 +0 +0 +0 -79 
8696 +0 +0 -79 +0 
8700 +0 +0 +0 -79 
8744 +0 +0 -79 +0 
8892 +0 +39 +0 -79 
8944 +0 +0 -79 +39 
8976 +0 +0 -79 +0 
9004 +0 +0 +0 -79 
9608 +0 +0 -79 +0 
10144 +0 +0 -79 +39 
10248 +39 +0 -79 +0 
10304 +39 +0 -79 +39 
10312 +0 +0 -79 +0 
10520 +0 +0 -79 +0 
10816 +0 +0 -79 +0 
11136 +0 +0 -79 +0 
11184 +0 +39 -79 +0 
11344 +39 +0 -79 +0 
11408 +0 +0 -79 +0 
11468 +0 +0 +0 -79 
11472 +39 +0 -79 +39 
11488 +0 +0 -79 +0 
11580 +0 +0 +0 -79 
11720 +0 +0 -79 +0 
11760 +39 +0 -79 +0 
11824 +0 +0 -79 +39 
12032 +0 +39 -79 +39 
12216 +39 +0 -79 +0 
12268 +0 +0 +0 -79 
12304 +0 +0 -79 +0 
12400 +0 +39 -79 +0 
12440 +0 -39 -79 +0 
12592 +39 +0 -79 +39 
12976 +39 +0 -79 +39 
13592 +39 +0 -79 +0 
13920 +39 +0 -79 +0 
13936 +39 +0 -79 +0 
13968 +39 +0 -79 +0 
14144 +0 +0 -79 +39 
14348 +39 +0 +0 -79 
14384 +39 +0 -79 +39 
14416 +0 +0 -79 +39 
14508 +0 +0 +0 -79 
14812 +0 +0 +0 -79 
15168 +39 +0 -79 +0 
15256 +0 +0 -79 +39 
15260 +0 +0 -79 -39 
15384 +0 +0 -79 +0 
15496 +39 +0 -79 +0 
15580 +39 +0 +0 -79 
15960 +39 +0 -79 +0 
16024 +39 +0 -79 +0 
16096 +39 +39 -79 +0 
16144 +39 +0 -79 +39 
16240 +0 +0 -79 +39 

1678877835115920
36 -39 +0 -79 +0 
40 -716 -318 -79 -158 
44 -796 -915 -119 -237 
48 -398 -716 -79 -356 
52 -318 -358 -119 -79 
56 -159 -238 -39 +0 
60 -79 -159 -39 +0 
64 -39 -79 -39 +0 
68 +0 -79 -79 +0 
372 +0 +39 -79 +0 
1180 +0 +39 -79 +0 
1512 +0 +0 -79 +0 
1572 +39 +0 -79 +0 
1736 +39 +0 -79 +0 
1964 +0 +39 -79 +39 
2084 +0 +39 -79 +0 
2412 +39 +39 -79 +0 
2684 +39 +39 -79 +0 
3468 +0 +0 -79 +0 
4124 +0 +0 -79 +0 
4404 +39 +0 -79 +0 
4428 +0 +0 -79 +0 
4652 +0 +39 -79 +0 
4956 +0 +0 -79 +0 
5016 +0 +0 -79 +0 
5796 +0 +0 -79 +0 
5944 +0 +0 -79 +0 
6012 +0 +0 -79 +0 
6060 +0 +39 -79 +0 
7140 +0 +39 -79 +0 
7692 +39 +39 -79 +0 
8196 +39 +39 -79 +0 
8356 +39 +0 -79 +39 
8996 +39 +39 -79 +0 
9044 +0 +0 -79 +0 
9612 +0 +39 -79 +0 
9668 +0 +39 -79 +0 
9736 +0 +39 -79 +39 
10020 +39 +0 -79 +0 
10172 +0 +39 -79 +0 
10300 +39 +0 -79 +0 
10580 +39 +0 -79 +0 
10648 +0 +0 -79 +39 
10748 +0 +39 -79 +0 
11004 +39 +0 -79 +0 
11316 +39 +39 -79 +0 
11332 +39 +39 -79 +0 
11548 +0 +0 -79 +0 
11668 +0 +0 -79 +0 
12196 +0 +0 -79 +39 
12420 +0 +0 -79 +0 
12836 +39 +0 -79 +0 
12868 +39 +0 -79 +0 
13084 +39 +39 -79 +39 
13340 +39 +39 -79 +0 
13484 +0 +0 -79 +0 
13556 +39 +0 -79 +0 
13588 +0 +0 -79 +0 
15044 +39 +0 -79 +0 
15092 +0 +0 -79 +39 
15108 +39 +39 -79 +0 
15588 +0 +0 -79 +0 
15596 +0 +39 -79 +0 
15748 +39 +39 -79 +0 
15780 +39 +0 -79 +0 
15912 +0 +0 -79 +0 
15916 +39 +0 -79 +0 
16076 +0 +0 -79 +0 
16276 +39 +0 -79 +0 

1678877837950279
36 +0 +0 +0 -79 
40 -199 -318 -39 -594 
44 -159 -676 +0 -198 
48 -119 -637 +0 +39 
52 -79 -318 +0 -39 
56 -39 -278 +0 +0 
60 -79 -79 +0 +0 
64 -39 -79 +0 +0 
72 +0 +0 -79 +0 
1136 +39 +0 -79 +0 
1392 +0 +0 -79 +39 
1448 +0 +0 -79 +0 
1524 -39 +0 -79 +0 
1640 +0 +39 -79 +39 
1864 +39 +39 -79 +0 
1928 +0 +0 -79 +0 
1944 +39 +39 -79 +39 
2368 +0 +39 -79 +0 
2656 +39 +39 -79 +0 
2728 +0 +39 -79 +0 
2924 +0 +0 -79 +0 
3096 +39 +39 -79 +0 
3492 -39 +0 -79 +39 
3656 +39 +39 -79 +0 
3688 +0 +39 -79 +0 
3824 +0 +0 -79 +0 
3860 -79 +0 +0 +0 
4008 +39 +39 -79 +39 
4020 +0 +0 -79 +39 
4040 +0 +0 -79 +39 
4616 +0 +39 -79 +0 
4772 +0 +0 -79 +0 
4808 +0 +39 -79 +0 
4896 +39 +39 -79 +0 
5008 +39 +39 -79 +0 
5208 +39 +39 -79 +0 
5544 +39 +39 -79 +39 
6180 +0 -39 -79 +39 
6336 +39 +39 -79 +0 
6528 +0 +39 -79 +0 
6836 +39 +0 -79 +0 
7164 +0 +39 -79 +0 
7208 +39 +39 -79 +0 
7352 +39 +39 -79 +0 
7376 +39 +0 -79 +0 
7416 +0 +0 -79 +39 
7520 +0 +0 -79 +0 
7568 +0 +39 -79 +0 
8236 +0 +39 -79 +0 
8264 +0 +0 -79 +39 
8536 +0 +0 -79 +0 
8632 +39 +0 -79 +39 
8760 +39 +0 -79 +39 
8880 +0 +0 -79 +0 
9032 +0 +0 -79 +39 
9672 +39 +0 -79 +0 
9736 +39 +39 -79 +39 
9832 +0 +39 -79 +0 
9984 +0 +0 -79 +0 
10616 +0 +0 -79 +0 
10872 +39 +0 -79 +0 
11080 +0 +0 -79 +0 
11208 +39 +0 -79 +0 
11336 +39 +0 -79 +0 
11672 +0 +39 -79 +39 
11920 +0 +0 -79 +39 
11928 +0 +39 -79 +0 
12792 +0 +79 -79 +39 
12964 +0 +0 -79 +0 
13000 +0 +39 -79 +39 
13144 +0 +39 -79 +0 
13160 +39 +0 -79 +0 
13520 +0 +39 -79 +0 
13536 +39 +39 -79 +0 
13676 -39 +39 -79 +0 
13828 -39 +0 -79 +0 
13944 +39 +0 -79 +0 
14080 +0 +39 -79 +0 
14104 +0 +39 -79 +39 
14360 +0 +39 -79 +39 
14528 +39 +39 -79 +0 
14568 +0 +0 -79 +0 
14788 +0 +0 -79 +39 
14872 +39 +0 -79 +0 
15016 +0 +39 -79 +0 
15080 +0 +0 -79 +0 
15232 +39 +0 -79 +0 
15352 +0 +0 -79 +0 
15384 +0 +0 -79 +39 
15652 +0 +0 -79 +39 
16024 +39 +39 -79 +0 
16096 +39 +39 -79 +0 

1678877849154145
36 +0 -39 -79 +39 
40 -597 -796 -119 -436 
44 -2310 -1592 -158 -1070 
48 -2549 -1114 -158 -832 
52 -2270 -557 -158 -475 
56 -1673 -437 -79 -277 
60 -995 -398 -119 -198 
64 -517 -159 -79 -158 
68 -278 -79 -79 -79 
72 -318 -79 -39 -39 
76 -278 +0 -79 -79 
80 -199 -39 -39 +0 
84 -79 -39 -79 +39 
88 -79 -39 +0 -39 
100 -79 -39 +0 +0 
108 -39 -79 -39 +39 
116 -79 +0 +0 +0 
128 -79 +0 +39 +0 
228 +0 +0 -79 +0 
368 +0 -79 +0 +0 
420 +0 +0 -79 +0 
484 +0 +0 -79 +0 
556 +39 +0 -79 +0 
636 +39 +39 -79 +0 
660 +0 +39 -79 +0 
860 +39 +0 -79 +0 
892 +0 +39 -79 +0 
1036 +0 +39 -79 +39 
1164 +39 +0 -79 +0 
1388 +39 +0 -79 +0 
1428 +39 +39 -79 +0 
1660 +39 +39 -79 +0 
1732 +39 +0 -79 +0 
1924 +0 +0 -79 +39 
2176 +0 +39 -79 +0 
2260 +0 +0 -79 +0 
2312 +39 +39 -79 +0 
2388 +39 +39 -79 +0 
2500 +0 +0 -79 +0 
2524 +0 +39 -79 +0 
2564 +39 +0 -79 +0 
3092 +0 +39 -79 +0 
3252 +0 +39 -79 +39 
3380 +0 +39 -79 +0 
3388 +39 +0 -79 +0 
3444 +0 +0 -79 +0 
4012 +39 +39 -79 +0 
4024 +39 +0 -79 -39 
4124 +79 +0 -79 +0 
4148 +39 +0 -79 +0 
4204 +39 +0 -79 +39 
4412 +0 +39 -79 +0 
4444 +39 +0 -79 +0 
4496 +0 +0 -79 +0 
4528 +39 +0 -79 +39 
4644 +39 +0 -79 +39 
4668 +39 +0 -79 +0 
4724 +39 +39 -79 +0 
4748 +39 +39 -79 +0 
4788 +0 +0 -79 +0 
4932 +0 +39 -79 +0 
4948 +0 +0 -79 +39 
4988 +0 +39 -79 +0 
5172 +39 +0 -79 +0 
5564 +0 +39 -79 +0 
5724 +0 +0 -79 +0 
6100 +39 +39 -79 +39 
6412 +0 +39 -79 +0 
6596 +39 +39 -79 +0 
7132 +39 +0 -79 +0 
7348 +0 +39 -79 +0 
7364 +0 +0 -79 +39 
7396 +0 +39 -79 +0 
7604 +39 +39 -79 +0 
8180 +39 +0 -79 +0 
8196 +39 +39 -79 +0 
8204 +0 +39 -79 +0 
8212 +0 +39 -79 +39 
8412 +39 +0 -79 +0 
8420 +0 +39 -79 +39 
8444 +39 +39 -79 +0 
8612 +0 +39 -79 +39 
8852 +0 +0 -79 +39 
8940 +0 +0 -79 +0 
8980 +0 +0 -79 +0 
9060 +0 +39 -79 +39 
9184 +0 +0 -79 +0 
9284 +0 +39 -79 +39 
9412 +39 +39 -79 +39 
9732 +0 +39 -79 +39 
9792 +0 +0 -79 +0 
10004 +0 +0 -79 +0 
10252 +39 +39 -79 +0 
10468 +39 +0 -79 +0 
10820 +0 +0 -79 +0 
10884 +0 +39 -79 +0 
10912 +0 +0 -79 +0 
11020 +0 +39 -79 +0 
11116 +0 +0 -79 +0 
11316 +39 +39 -79 +39 
11524 +39 +39 -79 +0 
11532 +39 +0 -79 +0 
11640 +0 +0 +0 -79 
12004 +39 +39 -79 +0 
12236 +0 +0 -79 +39 
13120 +0 +0 -79 +39 
13340 -39 +39 -79 +39 
13620 +39 +39 -79 +0 
13716 +0 +39 -79 +0 
13788 +0 +0 -79 +0 
13828 +0 +0 -79 +0 
13940 +39 +0 -79 +0 
14108 +0 +39 -79 +0 
14364 +0 +0 -79 +0 
14380 +0 +39 -79 +0 
14420 +39 -39 -79 +39 
14548 +0 +39 -79 +0 
14580 +0 +0 -79 +0 
14588 +0 +39 -79 +0 
14948 +0 +39 -79 +0 
15052 +0 +39 -79 +0 
15508 +0 +0 -79 +0 
15776 +0 +0 -79 +0 
16004 +0 +39 -79 +0 

1678877853204396
0 +39 +39 -79 +0 
40 -159 -278 -39 -39 
44 -438 -597 -39 -237 
48 -358 -676 -79 -237 
52 -238 -358 -79 -158 
56 -159 -119 -79 -79 
60 -79 +0 -39 -79 
64 -79 +0 -39 +0 
68 -79 -79 -39 +0 
72 +0 -79 -39 -39 
176 +0 +0 -79 +0 
288 +0 +0 -79 +0 
320 +0 +0 -79 +0 
328 +39 +0 -79 +0 
848 +39 +0 -79 +39 
1296 +0 +39 -79 +0 
1392 +0 +0 -79 +0 
1512 +0 +0 -79 +0 
1584 +39 +39 -79 -39 
1752 +0 +39 -79 +0 
1760 +0 +39 -79 +0 
1944 +39 +39 -79 +39 
2008 +0 +39 -79 +0 
2264 +0 +39 -79 +0 
2328 +0 +0 -79 +0 
2504 +0 +39 -79 +0 
2656 +39 +39 -79 +0 
2912 +0 +39 -79 +0 
3100 +0 +39 +0 -79 
3528 +0 +0 -79 +0 
3704 +0 +39 -79 +0 
4228 +0 +0 -79 +0 
4304 +0 +0 -79 +0 
4408 +0 +39 -79 +0 
4420 +0 +0 -79 +39 
4696 +39 +39 -79 +0 
4768 +0 +0 -79 +39 
4904 +39 +0 -79 +0 
5216 +39 +0 -79 +0 
5396 +0 +0 -79 +0 
5768 +39 +0 -79 +39 
5880 +0 +39 -79 +0 
5960 +39 +39 -79 +39 
6036 +39 +39 -79 +0 
6048 +39 +0 -79 +0 
6168 +0 +39 -79 +0 
6424 +39 +0 -79 +39 
6616 +0 +0 -79 +39 
6864 +0 +0 -79 +0 
6944 +39 +39 -79 +0 
7024 +0 +0 -79 +0 
7496 +0 +0 -79 +0 
7504 +39 +39 -79 +0 
8088 +0 +39 -79 +0 
8176 +39 +0 -79 +0 
8216 +0 +0 -79 +0 
8520 +0 +39 -79 +39 
8728 +0 +39 -79 +39 
8772 +0 +39 -79 +39 
9024 +0 +39 -79 +39 
9048 +0 +39 -79 +0 
9200 +39 +39 -79 +0 
9288 +0 +0 -79 +0 
9464 +79 +0 -79 +0 
9976 +39 -39 -79 +0 
10152 +0 +0 -79 +0 
10176 +39 +0 -79 +0 
10264 +39 +39 -79 +0 
10352 +39 +39 -79 +0 
10512 +0 +0 -79 +0 
10560 +39 +0 -79 +0 
10616 +0 +39 -79 +0 
11088 +0 +0 -79 +0 
11276 +39 +0 +0 -79 
11888 +39 +39 -79 -39 
12256 +0 +0 -79 +0 
12360 +0 +0 -79 +0 
12840 +39 +0 -79 +0 
13000 +0 +39 -79 +0 
13360 +39 +39 -79 +0 
13380 +0 +0 -79 +0 
13624 +39 +0 -79 +39 
13804 +0 +0 -79 +0 
14248 +0 +0 -79 +0 
14384 +0 +0 -79 +0 
14904 +0 +0 -79 +0 
14960 +39 +0 -79 +0 
15208 +0 +39 -79 +0 
15368 +0 +0 -79 +0 
15388 +0 +39 +0 -79 
15544 +0 +39 -79 +0 
15976 +39 +39 -79 +0 

1678877892559400
36 -79 -39 -119 +0 
40 -159 -199 -119 -198 
44 -199 -238 -79 -158 
48 -119 -119 -79 -39 
52 -39 +0 -79 -39 
56 -39 -119 -39 +0 
60 +0 -39 -79 -39 
136 +39 +0 -79 +0 
232 +39 +39 -79 +39 
396 +0 +39 +0 -79 
896 +39 +39 -79 +0 
1160 +0 +0 -79 +0 
1896 +39 +39 -79 +0 
2016 +0 +39 -79 +0 
2448 +0 +39 -79 +0 
2728 +39 +39 -79 +39 
2792 +0 +39 -79 +0 
3024 +39 +0 -79 +0 
3624 +0 +0 -79 +0 
3696 +39 +0 -79 +0 
3896 +0 +39 -79 +0 
3960 +0 +0 -79 +39 
4152 +0 +39 -79 +39 
4736 +39 +0 -79 +0 
5048 +0 +0 -79 +0 
5296 +39 +0 -79 +0 
5392 +39 +0 -79 +0 
5784 +0 -39 -79 +39 
5928 +39 +0 -79 +0 
5944 +39 +39 -79 +0 
6152 +0 +0 -79 +39 
6280 +0 +0 -79 +0 
6520 +39 +0 -79 +0 
6888 +39 +39 -79 +0 
6952 +0 +39 -79 +0 
7008 +0 +0 -79 +0 
7104 +39 +39 -79 +0 
7432 +0 +39 -79 +0 
7536 +39 +39 -79 +0 
7792 +0 +39 -79 +0 
8028 +0 +39 -79 +0 
8456 +0 +0 -79 +0 
8840 +0 +0 -79 +0 
8888 +39 +0 -79 +0 
9048 +0 +0 -79 +0 
9064 +39 +0 -79 +0 
9088 +39 +0 -79 +0 
9096 +39 +0 -79 +39 
9152 +39 +0 -79 +0 
9512 +0 +0 -79 +0 
9640 +0 +0 -79 +0 
9832 +0 +0 -79 +0 
10000 +39 +0 -79 -39 
10048 +0 +0 -79 +0 
10088 +39 +39 -79 +0 
10200 +39 +39 -79 +0 
10208 +0 +39 -79 +0 
10264 +0 +0 -79 +0 
10472 +39 +39 -79 +0 
10944 +39 +39 -79 +0 
11112 +39 +0 -79 +0 
11176 +39 +0 -79 +0 
11588 +0 +0 -79 +0 
11848 +0 +0 -79 +39 
11872 +0 +0 -79 +0 
12256 +0 +39 -79 +0 
12264 +0 +39 -79 +39 
12564 +0 +0 -79 +0 
12568 +0 +0 -79 +0 
12592 +39 +0 -79 +0 
12616 +39 +0 -79 +0 
13064 +0 +0 -79 +0 
13496 +39 +0 -79 +0 
13584 +39 +39 -79 +0 
13616 +0 +39 -79 +0 
13848 +0 +39 -79 +0 
13872 +39 +0 -79 +0 
13984 +0 +0 -79 +0 
14024 +0 +39 -79 +0 
14260 +0 +0 -79 +0 
14736 +39 +0 -79 +0 
14824 +0 +0 -79 +0 
14880 +39 +39 -79 +0 
15096 +0 +0 -79 +0 
15312 +39 +39 -79 +0 
15320 +39 +0 -79 +0 
15512 +39 +0 -79 +39 
15760 +39 +0 -79 +0 
16064 +0 +39 -79 +0 
16280 +39 +39 -79 +0 

1678877894606908
36 -39 -79 -119 +0 
40 -278 -199 -158 -317 
44 -398 -199 -119 -277 
48 -278 -79 -79 -158 
52 -79 -79 -79 -118 
56 -79 -79 -79 -39 
60 -39 +0 -79 +0 
68 +0 +39 -79 +0 
76 +39 +0 -79 +0 
160 +0 +39 -79 +0 
244 +0 +39 -79 +0 
376 +0 +0 -79 +0 
708 +39 +0 -79 +39 
964 +39 +39 -79 +0 
1132 +39 +39 -79 +0 
1192 +0 +0 -79 +0 
1684 +39 +39 -79 +0 
1716 +0 +39 -79 +0 
1916 +0 +39 -79 +0 
2116 +0 +0 -79 +0 
2276 +39 +39 -79 +0 
2388 +39 +39 -79 +0 
2572 +39 +0 -79 +0 
2836 +39 +39 -79 +0 
2872 +0 +0 -79 +0 
3628 +0 +0 -79 +39 
3740 +0 +0 -79 +0 
3840 +0 +39 -79 +0 
3844 +0 +39 -79 +0 
4176 +39 +0 +0 -79 
4308 +0 +39 -79 +0 
4472 +39 +0 -79 +0 
4564 +39 +0 -79 +0 
4660 +0 +0 -79 +0 
4868 +39 +39 -79 +0 
4956 +0 +39 -79 +0 
5052 +0 +0 -79 +0 
5164 +39 +0 -79 +39 
5236 +0 +0 -79 +0 
5420 +39 +39 -79 +0 
5700 +0 +39 -79 +0 
5996 +0 +39 -79 +0 
6308 +0 +0 -79 +0 
6436 +39 +0 -79 +0 
6516 +0 +0 -79 +0 
6560 +0 +39 +0 -79 
6756 +39 +0 -79 +0 
6780 +39 +0 -79 +0 
6828 +0 +39 -79 +0 
7412 +0 +0 -79 +0 
7548 +39 +39 -79 +0 
7596 +0 +39 -79 +0 
7756 +0 +39 -79 +0 
8044 +0 +0 -79 +0 
8068 +39 +0 -79 +0 
8180 +0 +0 -79 +0 
8532 +0 +0 -79 +0 
8588 +39 +0 -79 +0 
8612 +39 +0 -79 -39 
8900 +0 +0 -79 +0 
8956 +0 +39 -79 +39 
9092 +0 +39 -79 +0 
9100 +39 +0 -79 +0 
9180 +0 +39 -79 +39 
9308 +0 +39 -79 +0 
9516 +0 +0 -79 +0 
9540 +39 +0 -79 +0 
9900 +0 +39 -79 +0 
10420 +0 +0 -79 +0 
10900 +0 +0 -79 +0 
10988 +39 +0 -79 +0 
10996 +0 +0 -79 +0 
11016 +0 +0 -79 +0 
11316 +39 +0 -79 +0 
11616 +0 +0 -79 -39 
11644 +39 +0 -79 +0 
11724 +0 +39 -79 +39 
11832 +39 +0 -79 +0 
12044 +0 +0 -79 +0 
12124 +39 +0 -79 +39 
12148 +39 +39 -79 +0 
12172 +0 +39 -79 +0 
12412 +0 +39 -79 +39 
12524 +39 +39 -79 +0 
12580 +39 +39 -79 +0 
12972 +39 +39 -79 +39 
13204 +39 +39 -79 +0 
13300 +0 +0 -79 +39 
13336 +0 +0 -79 +0 
13588 +39 +39 -79 +0 
13732 +39 +39 -79 +0 
13860 +0 +0 -79 +39 
14020 +0 +39 -79 +0 
14260 +0 +39 -79 +0 
14296 +0 +0 -79 +0 
14408 +0 +0 -79 +0 
14684 +0 +0 -79 +39 
14796 +0 +39 -79 +0 
14916 +0 +0 -79 +0 
15348 +0 +39 -79 +0 
15396 +39 +0 -79 +0 
15412 +39 +0 -79 +39 
15420 +0 +39 -79 +0 
15596 +39 +39 -79 +0 
15684 +39 +39 -79 +0 
15940 +0 +39 -79 +0 
16056 +0 +0 -79 +39 
16076 +0 +39 -79 +0 
16252 +0 +39 -79 +0 
16316 +39 +0 -79 +39 
16372 +0 +39 -79 +0 

1678877897892424
40 -238 -637 -39 +0 
44 -199 -836 -238 -39 
48 -119 -318 -158 -39 
52 -39 -159 -79 +0 
56 +0 -119 -39 +0 
60 +0 -39 -119 +0 
68 -39 -79 +0 +0 
108 +39 +39 -119 +0 
420 +39 +39 -79 +0 
824 +0 +0 -79 +0 
1340 +0 +39 -79 +0 
1476 +39 +39 -79 +39 
1712 +0 +39 +0 -79 
2044 +0 +39 -79 +0 
2164 +39 +0 -79 +39 
2248 +0 +0 -79 +0 
2620 +0 +0 -79 +39 
2756 +0 +39 -79 +0 
3036 +39 +39 -79 +0 
3596 +39 +0 -79 +39 
3876 +39 +39 -79 +0 
4108 +0 +39 -79 +0 
4124 +39 +39 -79 +0 
4156 +39 +39 -79 +0 
4468 +39 +39 -79 +0 
4472 +0 +0 -79 +39 
5100 +39 +39 -79 +0 
5212 +0 +0 -79 +0 
5388 +0 +0 -79 +0 
5644 +39 +39 -79 +0 
5676 +39 +0 -79 +39 
5908 +0 +39 -79 +0 
6044 +39 +39 -79 +39 
6068 +39 +39 -79 +0 
6304 +0 +0 -79 -39 
6356 +0 +0 -79 +0 
6740 +39 +39 -79 +39 
7080 +0 +0 -79 +0 
7516 +39 +39 -79 +0 
7860 +39 +0 -79 +0 
8088 +39 +0 -79 +0 
8244 +39 +39 -79 +0 
8436 +39 +0 -79 +0 
8448 +0 +39 -79 +0 
8524 +39 +39 -79 +0 
8764 +0 +39 -79 +0 
8908 +39 +0 -79 +0 
8972 +0 +0 -79 +0 
9280 +39 +39 +0 -79 
9672 +0 +0 -79 +0 
9812 +39 +39 -79 +0 
9924 +39 +39 -79 +0 
10772 +0 +39 -79 +0 
11932 +39 +0 -79 +39 
12452 +39 +39 -79 +0 
12636 +0 +39 -79 +39 
12756 +0 +39 -79 +0 
12812 +39 +0 -79 +0 
12940 +0 +39 -79 +0 
13068 +39 +39 -79 +39 
13108 +39 +39 -79 +39 
13236 +39 +39 -79 +0 
13708 +39 +39 -79 +39 
15076 +39 +39 -79 +39 
15364 +39 +0 -79 +39 
15636 +0 +0 -79 +39 

1678877910048409
20 +39 +39 -79 +0 
28 +0 +0 -79 +0 
40 -278 -358 +0 -39 
44 -557 -318 +0 +0 
48 -438 -199 -39 +0 
52 -238 -119 +0 +0 
56 -199 -79 +0 +0 
60 -119 +0 -39 +0 
64 -119 +39 -39 +0 
144 +0 +0 -79 -39 
308 +0 +39 -79 +0 
324 +0 +0 -79 +0 
552 +0 +0 -79 -39 
556 +39 +0 -79 +0 
564 +0 +39 -79 +0 
1080 -39 +0 -79 +39 
1312 +0 +39 -79 +0 
1852 +39 +0 -79 +0 
1924 +0 +39 -79 +0 
2332 +0 +0 -79 +0 
2856 +0 +0 -79 +0 
3192 +0 +39 -79 +0 
3236 +39 +0 -79 +0 
3524 +0 +39 -79 +0 
3788 +39 +39 -79 +0 
3800 +0 +0 -79 +39 
3804 +39 +0 -79 +0 
3812 +0 +39 -79 +0 
4236 +39 +0 -79 +0 
4264 +0 +0 -79 +0 
4364 +0 +39 -79 +39 
4504 +0 +0 -79 +0 
4536 +0 +0 -79 +0 
4732 +39 +39 -79 +39 
4888 +0 +0 -79 +39 
5004 +39 +0 -79 +0 
5404 +0 +0 -79 +39 
5548 +0 +39 -79 +0 
5660 +39 +0 -79 +0 
5848 +0 +0 -79 +39 
5900 +39 +39 -79 +0 
6228 +39 +39 -79 +0 
6396 +0 +0 -79 +0 
6524 +0 +39 -79 +0 
6676 +0 +39 -79 +0 
6692 +39 +0 -79 +39 
6700 +0 +39 -79 +0 
6812 +0 +0 -79 +39 
6924 +39 +0 -79 +39 
7472 +0 +79 -79 +0 
7556 +0 +0 -79 +0 
7748 +39 +39 -79 +0 
7820 +0 +0 -79 +0 
7852 +0 +0 -79 +0 
7868 +39 +39 -79 +39 
8188 +39 +39 -79 +0 
8220 +0 +0 -79 +0 
8244 +0 +0 -79 +0 
8260 +0 +0 -79 +0 
8292 +39 +39 -79 +0 
8300 +0 +39 -79 +0 
8348 +0 +39 -79 +0 
8364 +0 +0 -79 +0 
8580 +0 +0 -79 +0 
8588 +0 +0 -79 +0 
8708 +0 +0 -79 +0 
8980 +0 +39 -79 +0 
9164 +39 +0 -79 +0 
9356 +39 +0 -79 +0 
9532 +39 +0 -79 +0 
9572 +39 +39 -79 +0 
9588 +39 +39 -79 +0 
9652 +0 +0 -79 +39 
9700 +39 +39 -79 +0 
9848 +0 +0 -79 +0 
9852 +0 +0 -79 +39 
10060 +0 +39 -79 +39 
10192 +39 +0 -79 +0 
10232 +0 -39 -79 +0 
10324 +39 +39 -79 +0 
10368 +0 +0 -79 +0 
10372 +0 +39 -79 +0 
10388 +0 +39 -79 +0 
10396 +0 +39 -79 +0 
10452 +39 +39 -79 +0 
10476 +0 +39 -79 +39 
10668 +0 +39 -79 +0 
10672 +0 +0 +0 -79 
10716 +0 +39 -79 +0 
10748 -39 +39 -79 +0 
10868 +39 +0 -79 +39 
10940 +0 +0 -79 +0 
11080 +0 +39 -79 +0 
11112 +0 +0 -79 +0 
11308 +39 +0 -79 +39 
11340 +0 +0 -79 +0 
11368 +0 +0 -79 +0 
11476 +39 +0 -79 +0 
11508 +39 +0 -79 +0 
11644 +0 +39 -79 +0 
11716 +0 +39 -79 +0 
11764 +39 +0 -79 +0 
11820 +0 +39 -79 +39 
11980 +0 +0 -79 +0 
12012 +0 +39 -79 +0 
12100 +0 +39 -79 +0 
12140 +39 +39 -79 +0 
12196 +0 +39 -79 +0 
12304 +39 +39 -79 -39 
12552 +0 +0 -79 +0 
12684 +0 +39 -79 +39 
12724 +0 +39 -79 +0 
12728 +0 -39 -79 +0 
12796 +0 +0 -79 +39 
12868 +39 +0 -79 +0 
12920 +0 +0 -79 +39 
12932 +0 +0 -79 +0 
12956 +39 +39 -79 +0 
12988 -39 +0 -79 +0 
13036 +39 +0 -79 +39 
13068 +0 +39 -79 +0 
13204 +39 +0 -79 +0 
13212 +0 +0 -79 +0 
13316 +0 +39 -79 +0 
13460 +39 +39 -79 +0 
13500 +39 +0 -79 +0 
13524 +0 +0 -79 +39 
13660 +0 +0 -79 +0 
13832 +0 +0 -79 +0 
13956 +0 +39 -79 +0 
14160 +0 +39 -79 +0 
14212 +39 +0 -79 +0 
14276 +0 +39 -79 +0 
14316 +39 +39 -79 +0 
14396 +0 +39 -79 +0 
14412 +0 +39 -79 +0 
14416 +0 +39 -79 +0 
14428 +39 +39 -79 +39 
14500 +0 +0 -79 +0 
14684 +0 +39 -79 +0 
14748 +0 +39 -79 +0 
14800 +0 +39 +0 -79 
14956 +0 +0 -79 +39 
15020 +39 +39 -79 +39 
15036 +0 +0 -79 +0 
15292 +39 +39 -79 +0 
15564 +0 +0 -79 +39 
15624 +0 +0 -79 +0 
15848 +0 +0 -79 +0 
15956 +39 +0 -79 +0 
16060 +0 +39 -79 +0 
16092 +39 +0 -79 +0 
16124 +0 +0 -79 +0 

1678877930529902
40 -557 -199 -79 -396 
44 -995 -437 -79 -634 
48 -677 -278 -79 -317 
52 -398 -119 -79 -118 
56 -278 -39 -79 -79 
60 -199 -39 +0 -39 
64 -79 +0 -39 +39 
208 +0 +39 -79 +39 
224 +39 +0 -79 +0 
408 +39 +0 -79 +0 
440 +0 +39 -79 +0 
568 +39 +39 -79 +0 
1176 +0 +0 -79 +0 
1352 +39 +39 -79 +0 
1448 +0 +39 -79 +0 
1696 +39 +0 -79 +0 
1832 +39 +0 -79 +0 
1924 +0 +0 -79 +0 
2264 +39 +39 -79 +0 
2272 +0 +39 -79 +0 
2280 +0 +39 -79 +39 
2472 +39 +39 -79 +0 
2624 +39 +0 -79 +0 
2904 +0 +39 -79 +0 
2948 -79 +0 +0 +0 
3300 +0 +0 -79 +0 
3332 +39 +0 -79 +0 
3352 +39 +39 -79 +0 
3568 +0 +0 -79 +0 
3576 +0 +39 -79 +0 
3592 +39 +0 -79 +0 
3656 +39 +39 -79 +0 
3864 +0 +39 -79 +0 
3976 +0 +0 -79 +39 
4096 +0 +0 -79 +0 
4176 +0 +39 -79 +0 
4184 +0 +0 -79 +39 
4296 +0 +39 -79 +0 
4344 +0 +0 -79 +39 
4416 +39 +0 -79 +0 
4464 +0 +0 -79 +0 
4668 +0 +39 +0 -79 
4712 +0 +0 -79 +0 
4928 +39 +0 -79 +0 
5192 +39 +0 -79 +0 
5336 +0 +0 -79 +39 
5432 +0 +0 -79 +0 
5500 +39 +0 -79 -39 
5568 +0 +39 -79 +39 
5648 +39 +0 -79 +0 
5744 +39 +0 -79 +39 
5864 +0 +0 -79 +39 
5936 +0 +39 -79 +0 
6080 +0 +0 -79 +0 
6216 +39 +39 -79 +0 
6388 -39 +0 -79 +0 
6728 +0 +39 -79 +0 
6824 +39 +0 -79 +0 
6872 +39 +39 -79 +0 
7032 +0 +39 -79 +0 
7128 +0 +39 -79 +0 
7144 +39 +0 -79 +0 
7176 +39 +39 -79 +0 
7304 +0 +39 -79 +0 
7320 +0 +0 -79 +0 
7400 +0 +0 -79 +0 
7464 +0 +0 -79 +0 
7496 +0 +39 -79 +0 
7560 +0 +0 -79 +0 
7656 +39 +39 -79 +0 
7764 +0 +0 -79 +0 
7848 +39 +0 -79 +0 
7936 +0 +0 -79 +0 
8008 +0 +39 -79 +0 
8240 +39 +0 -79 +0 
8288 +39 +0 -79 +0 
8312 +39 +0 -79 +39 
8632 +0 +0 -79 +0 
8744 +0 +0 -79 +0 
8848 +39 +39 -79 +0 
8984 +0 +39 -79 +0 
9000 +39 +39 -79 +0 
9176 +0 +39 -79 +0 
9280 +39 +0 -79 +0 
9288 +0 +0 -79 +0 
9448 +39 +0 -79 +39 
9496 +0 +0 -79 +0 
9576 +39 +39 -79 +0 
9680 +0 +0 -79 +0 
9776 +0 +39 -79 +0 
9912 +0 +0 -79 +0 
9968 +0 +0 -79 +0 
10440 +0 +39 -79 +0 
10464 +0 +0 -79 -39 
10840 +39 +39 -79 +0 
11048 +0 +39 -79 +0 
11064 +0 +0 -79 +0 
11104 +39 +0 -79 +0 
11408 +39 +0 -79 +0 
11540 +0 +39 -79 +0 
11544 +39 +0 -79 +0 
11584 +0 +39 -79 +0 
11616 +39 +0 -79 +0 
12288 +39 +0 -79 +0 
12520 +39 +39 -79 +0 
12584 +39 +39 -79 +0 
12592 +39 +0 -79 +0 
12856 +39 +0 -79 +0 
13156 +39 +0 -79 +0 
13176 +0 +39 -79 +0 
13184 +39 +0 -79 +0 
13320 +0 +39 -79 +39 
13376 +39 +0 -79 +0 
13552 +0 +0 -79 +0 
13560 +0 +0 -79 +0 
13784 +39 +0 -79 +0 
13848 +0 +39 -79 +0 
13880 +39 +0 -79 +0 
13992 +0 +0 -79 +0 
14068 -39 +0 -79 +39 
14124 +0 +39 -79 +0 
14276 +0 +0 -79 +0 
14408 +39 +39 -79 +0 
14552 +39 +39 -79 +0 
14600 +0 +0 -79 +0 
15024 +39 +0 -79 +0 
15144 +39 +39 -79 +0 
15256 +0 +0 -79 +39 
15448 +39 +39 -79 +39 
15504 +39 +0 -79 +0 
15544 +39 +0 -79 +0 
15560 +0 +39 -79 +0 
15848 +0 +0 -79 +0 
15864 +39 +0 -79 +0 
15944 +0 +0 -79 +0 
15972 +0 +0 -79 +0 
16008 +39 +39 -79 +39 
16152 +0 +0 -79 +0 
16344 +0 +0 -79 +0 

1678877962420774
12 +0 +39 -79 +0 
40 -238 -358 -119 -39 
44 -358 -915 -198 -317 
48 -398 -756 -158 -436 
52 -199 -358 -119 -237 
56 -119 -278 -79 -79 
60 -79 -119 -79 +0 
196 +39 +39 -79 +0 
220 +39 +0 -79 +0 
452 +0 +0 -79 +0 
636 +39 +0 -79 +0 
684 +39 +39 -79 +0 
1128 +0 +0 -79 +0 
1172 +0 +39 -79 +0 
1504 +0 +39 +0 -79 
1828 +39 +0 -79 +0 
1876 +39 +0 -79 +0 
1956 +39 +0 -79 +0 
1996 +39 +0 -79 +39 
2012 +0 +0 -79 +0 
2172 +39 +0 -79 +0 
2444 +0 +39 -79 +0 
2596 +39 +39 -79 +0 
2828 +39 +0 -79 +0 
2844 +39 +0 -79 +39 
2932 +39 +39 -79 +0 
3044 +39 +0 -79 +0 
3172 +39 +39 -79 +0 
3324 +39 +39 -79 +39 
3404 +39 +0 -79 +0 
3540 +39 +0 -79 +0 
3676 +39 +0 -79 +0 
3860 +0 +0 -79 +0 
4116 +39 +0 -79 +0 
4124 +0 +39 -79 +0 
4156 +39 +0 -79 +0 
4164 +0 +39 -79 +0 
4276 +39 +0 -79 +0 
4444 +0 +39 -79 +0 
4476 +0 +39 -79 +39 
4668 +0 +0 -79 +0 
5208 +0 +39 -79 +0 
5412 +0 +0 -79 +0 
5444 +39 +0 -79 +0 
5540 +39 +0 -79 +0 
5620 +0 +39 -79 +0 
5804 +39 +39 -79 +0 
5852 +39 +39 -79 +0 
5956 +0 +0 -79 +0 
6100 +39 +39 -79 +0 
6264 +0 +0 -79 +0 
6412 +39 +0 -79 +0 
6572 +0 +0 -79 +0 
6612 +0 +39 -79 +0 
6844 +0 +0 -79 +39 
6988 +0 +0 -79 +0 
7024 +39 +39 +0 -79 
7068 +0 +0 -79 +0 
7628 +0 +39 -79 +0 
7748 +0 +0 -79 +0 
8524 +39 +0 -79 +0 
8636 +39 +39 -79 +0 
9272 +0 +0 -79 +39 
9356 +0 +0 -79 +39 
9420 +39 +0 -79 +39 
9432 +0 +0 -79 +39 
9620 +0 +0 -79 +0 
9628 +39 +39 -79 +39 
9844 +39 +39 -79 +0 
10068 +39 +39 -79 +0 
10148 +0 +0 -79 +0 
10324 +39 +0 -79 +39 
10500 +0 +0 -79 +0 
10868 +39 +0 -79 +0 
11084 +39 +0 -79 +39 
11100 +0 +0 -79 +0 
11308 +39 +0 -79 +0 
11528 +39 +0 -79 +0 
11556 +39 +0 -79 +0 
11772 +0 +39 -79 +0 
11836 +0 +39 -79 +0 
12036 +39 +0 -79 +0 
12164 +39 +39 -79 +0 
12220 +0 +39 -79 +0 
12308 +39 +0 -79 +39 
12572 +0 +0 -79 +0 
12644 +0 +0 -79 +0 
12872 +0 +0 -79 +0 
12916 +0 +39 -79 +0 
12980 +39 +0 -79 +0 
12988 +0 +0 -79 +0 
13004 +0 +0 -79 +0 
13164 +39 +39 -79 +0 
13196 +0 +0 -79 +0 
13284 +0 +0 -79 +0 
13564 +0 +0 -79 +0 
13572 +0 +39 -79 +0 
13588 +0 +39 -79 +0 
13620 +39 +39 -79 +0 
13668 +39 +0 -79 +39 
13764 +0 +0 -79 +0 
13876 +39 +39 -79 +0 
14084 +39 +0 -79 +0 
14212 +0 +0 -79 +0 
14340 +0 +39 -79 +0 
14476 +39 +39 -79 +0 
14500 +39 +0 -79 +0 
14644 +39 +0 -79 +0 
14804 +39 +0 -79 +0 
14852 +0 +39 -79 +0 
14908 +0 +0 -79 +0 
14988 +0 +39 -79 +0 
15168 +0 +39 -79 +0 
15196 +0 +39 -79 +39 
15252 +39 +39 -79 +0 
15292 +39 +0 -79 +39 
15396 +39 +0 -79 +0 
15556 +39 +39 -79 +0 
15588 +39 +39 -79 +0 
15772 +0 +0 -79 +39 
15868 +0 +39 -79 +0 
15980 +0 +39 -79 +0 
16132 +0 +0 -79 +0 
16196 +39 +0 -79 +0 
16228 +39 +39 -79 +0 
